569
569 226
226
569 227
227
569 227
227
569 227
227
569 228
569
500 228
500
500 228
228
500 228
500
500 228
500
500 228
228
500 229
229
500 230
500
499 230
230
499 231
231
499 232
232
499 232
232
499 232
499
499 232
232
499 232
232
499 232
232
499 232
232
499 232
232
499 232
499
498 232
232
498 233
233
498 234
498
498 234
234
498 235
235
498 236
498
497 236
236
497 237
497
497 237
237
497 238
238
497 239
239
497 240
497
497 240
240
497 240
240
497 241
497
496 241
496
496 241
496
495 241
241
495 241
241
495 241
495
495 241
495
495 241
241
495 242
242
495 242
242
495 243
243
495 243
495
494 243
243
494 243
494
494 243
494
494 243
494
493 243
493
493 243
243
493 244
493
492 244
244
492 244
244
492 245
245
492 245
245
492 246
246
492 247
247
492 247
492
492 247
492
492 247
247
492 248
248
492 249
492
492 249
492
492 249
249
492 250
250
492 251
492
492 251
492
491 251
251
491 252
491
491 252
252
491 252
491
491 252
252
491 252
252
491 252
491
491 252
252
491 253
253
491 254
491
491 254
491
490 254
490
490 254
490
490 254
254
490 255
490
490 255
255
490 255
255
490 255
490
489 255
489
489 255
255
489 255
489
489 255
489
489 255
255
489 255
255
489 255
489
489 255
255
489 256
489
488 256
256
488 257
257
488 258
488
488 258
488
487 258
487
487 258
487
487 258
258
487 258
487
487 258
258
487 259
259
487 260
487
487 260
487
487 260
487
487 260
260
487 260
260
487 261
487
486 261
486
486 261
261
486 261
261
486 262
262
486 263
263
486 263
263
486 263
263
486 264
486
485 264
264
485 265
265
485 266
266
485 267
485
485 267
267
485 267
267
485 268
485
485 268
485
485 268
485
484 268
268
484 268
484
484 268
268
484 268
268
484 269
484
484 269
269
484 270
484
483 270
483
483 270
270
483 270
270
483 271
483
482 271
482
482 271
271
482 271
482
482 271
482
482 271
482
482 271
271
482 272
272
482 272
482
482 272
272
482 272
272
482 272
482
482 272
272
482 273
273
482 273
482
482 273
482
482 273
482
481 273
481
481 273
481
481 273
481
480 273
480
480 273
273
480 273
480
479 273
479
479 273
273
479 273
273
479 273
273
479 273
479
479 273
479
479 273
273
479 273
479
479 273
479
478 273
478
478 273
273
478 273
273
478 274
478
478 274
274
478 274
274
478 274
478
477 274
477
477 274
274
477 274
274
477 275
275
477 275
477
477 275
477
477 275
275
477 276
276
477 277
277
477 278
278
477 279
279
477 279
279
477 280
280
477 280
477
477 280
477
477 280
477
476 280
280
476 280
280
476 281
281
476 281
281
476 281
476
476 281
476
476 281
281
476 282
282
476 282
476
476 282
282
476 282
282
476 282
476
476 282
282
476 282
476
475 282
282
475 282
282
475 282
282
475 282
475
475 282
475
474 282
282
474 283
283
474 284
474
474 284
284
474 285
285
474 286
474
473 286
286
473 287
287
473 287
473
473 287
473
473 287
287
473 288
473
473 288
473
473 288
288
473 288
473
473 288
288
473 289
289
473 290
290
473 291
291
473 292
292
473 292
473
473 292
473
473 292
292
473 292
473
473 292
473
473 292
473
472 292
292
472 292
472
472 292
472
472 292
472
471 292
292
471 292
292
471 293
293
471 294
294
471 294
471
471 294
471
471 294
471
471 294
294
471 295
295
471 295
471
471 295
295
471 296
471
470 296
296
470 296
470
470 296
296
470 296
470
470 296
296
470 296
470
470 296
296
470 297
470
470 297
297
470 297
297
470 297
297
470 298
470
469 298
298
469 299
469
469 299
299
469 300
300
469 301
301
469 302
302
469 303
303
469 304
304
469 304
469
469 304
304
469 305
305
469 306
306
469 306
306
469 306
469
469 306
469
469 306
469
468 306
468
468 306
468
468 306
468
467 306
306
467 307
307
467 307
467
467 307
307
467 308
467
467 308
308
467 308
308
467 308
467
467 308
467
467 308
308
467 308
467
467 308
308
467 309
309
467 309
309
467 310
467
467 310
310
467 311
311
467 312
467
466 312
312
466 312
312
466 312
312
466 313
313
466 314
466
466 314
314
466 315
466
466 315
466
466 315
315
466 315
466
466 315
315
466 315
315
466 316
316
466 317
466
466 317
317
466 318
318
466 318
318
466 319
319
466 319
466
465 319
465
465 319
319
465 319
319
465 320
465
465 320
465
465 320
465
465 320
320
465 321
321
465 321
321
465 322
465
465 322
322
465 322
322
465 322
322
465 322
465
465 322
322
465 323
323
465 323
465
465 323
465
465 323
323
465 324
465
464 324
464
464 324
324
464 324
464
464 324
464
464 324
324
464 324
464
464 324
324
464 324
324
464 325
464
464 325
325
464 325
464
464 325
464
464 325
464
464 325
325
464 325
325
464 325
464
464 325
464
464 325
464
464 325
464
463 325
325
463 326
463
463 326
326
463 326
326
463 327
463
463 327
327
463 328
328
463 329
463
462 329
462
462 329
329
462 330
462
462 330
330
462 330
330
462 330
462
462 330
330
462 330
330
462 331
331
462 331
331
462 332
332
462 333
462
462 333
462
462 333
333
462 333
333
462 333
462
462 333
333
462 333
333
462 334
462
461 334
461
461 334
334
461 335
335
461 335
461
461 335
335
461 335
335
461 335
335
461 335
461
461 335
335
461 336
461
461 336
461
460 336
460
460 336
336
460 337
337
460 338
338
460 339
460
460 339
339
460 340
460
460 340
340
460 340
340
460 341
460
460 341
341
460 342
460
460 342
342
460 342
342
460 342
460
460 342
460
460 342
342
460 343
460
459 343
343
459 343
343
459 344
344
459 344
459
459 344
459
459 344
344
459 344
459
459 344
459
459 344
459
458 344
344
458 344
458
458 344
458
458 344
344
458 345
458
458 345
345
458 346
346
458 346
346
458 347
347
458 348
458
458 348
458
458 348
458
458 348
458
458 348
348
458 348
458
457 348
348
457 349
349
457 349
349
457 350
350
457 351
351
457 352
457
457 352
352
457 353
457
457 353
353
457 354
354
457 354
457
457 354
354
457 355
457
457 355
457
457 355
355
457 355
355
457 355
457
457 355
355
457 356
457
457 356
457
457 356
356
457 357
357
457 358
358
457 358
358
457 359
359
457 359
359
457 359
457
456 359
456
456 359
359
456 359
359
456 360
456
456 360
456
456 360
456
456 360
360
456 361
456
456 361
361
456 361
456
456 361
361
456 361
361
456 361
361
456 362
456
455 362
455
455 362
455
455 362
362
455 363
455
455 363
363
455 363
455
455 363
455
455 363
455
455 363
363
455 364
455
455 364
364
455 365
455
454 365
454
454 365
