5806
5000 2226
5000
5000 2226
5000
5000 2226
5000
5000 2226
5000
5000 2226
2226
5000 2226
5000
5000 2226
5000
4999 2226
4999
4999 2226
2226
4999 2226
2226
4999 2226
2226
4999 2226
4999
4999 2226
2226
4999 2227
2227
4999 2227
2227
4999 2227
2227
4999 2228
2228
4999 2229
4999
4999 2229
2229
4999 2229
2229
4999 2230
2230
4999 2231
4999
4999 2231
4999
4999 2231
2231
4999 2231
4999
4999 2231
4999
4998 2231
2231
4998 2231
4998
4998 2231
4998
4998 2231
2231
4998 2232
2232
4998 2232
2232
4998 2233
4998
4998 2233
2233
4998 2233
2233
4998 2234
2234
4998 2234
4998
4998 2234
4998
4997 2234
4997
4997 2234
2234
4997 2234
2234
4997 2235
2235
4997 2236
2236
4997 2236
4997
4996 2236
4996
4996 2236
4996
4996 2236
2236
4996 2236
2236
4996 2236
4996
4995 2236
2236
4995 2236
2236
4995 2237
4995
4995 2237
4995
4995 2237
4995
4994 2237
4994
4994 2237
2237
4994 2237
4994
4993 2237
2237
4993 2237
4993
4993 2237
2237
4993 2238
4993
4992 2238
2238
4992 2238
4992
4992 2238
2238
4992 2239
2239
4992 2240
2240
4992 2240
2240
4992 2241
2241
4992 2241
2241
4992 2241
2241
4992 2241
4992
4992 2241
2241
4992 2241
2241
4992 2241
4992
4992 2241
4992
4992 2241
2241
4992 2242
4992
4992 2242
2242
4992 2243
4992
4992 2243
4992
4991 2243
2243
4991 2244
2244
4991 2244
2244
4991 2245
2245
4991 2246
2246
4991 2247
2247
4991 2248
4991
4991 2248
4991
4991 2248
4991
4991 2248
2248
4991 2248
2248
4991 2248
2248
4991 2249
4991
4991 2249
4991
4991 2249
4991
4991 2249
2249
4991 2250
2250
4991 2250
4991
4990 2250
4990
4990 2250
4990
4990 2250
4990
4990 2250
2250
4990 2250
4990
4990 2250
2250
4990 2251
4990
4990 2251
2251
4990 2251
2251
4990 2251
4990
4990 2251
4990
4989 2251
2251
4989 2252
2252
4989 2252
2252
4989 2252
4989
4989 2252
4989
4989 2252
4989
4989 2252
4989
4988 2252
2252
4988 2253
2253
4988 2253
2253
4988 2254
4988
4988 2254
4988
4988 2254
4988
4988 2254
4988
4988 2254
4988
4988 2254
4988
4988 2254
2254
4988 2255
4988
4987 2255
4987
4987 2255
2255
4987 2255
2255
4987 2255
2255
4987 2255
2255
4987 2256
2256
4987 2257
2257
4987 2258
4987
4986 2258
2258
4986 2259
4986
4986 2259
2259
4986 2260
4986
4986 2260
4986
4986 2260
2260
4986 2261
4986
4986 2261
4986
4986 2261
2261
4986 2262
2262
4986 2262
2262
4986 2262
4986
4986 2262
4986
4986 2262
4986
4986 2262
4986
4986 2262
2262
4986 2263
4986
4986 2263
2263
4986 2263
2263
4986 2264
2264
4986 2265
4986
4986 2265
2265
4986 2266
2266
4986 2266
2266
4986 2267
2267
4986 2268
2268
4986 2269
2269
4986 2270
4986
4986 2270
2270
4986 2270
2270
4986 2270
4986
4985 2270
4985
4985 2270
4985
4984 2270
4984
4984 2270
2270
4984 2271
4984
4984 2271
2271
4984 2271
4984
4983 2271
2271
4983 2271
2271
4983 2272
4983
4983 2272
4983
4983 2272
2272
4983 2273
2273
4983 2274
4983
4983 2274
4983
4983 2274
4983
4983 2274
2274
4983 2274
2274
4983 2275
2275
4983 2276
2276
4983 2276
2276
4983 2276
2276
4983 2277
4983
4983 2277
4983
4983 2277
2277
4983 2277
2277
4983 2278
4983
4982 2278
4982
4982 2278
2278
4982 2278
4982
4982 2278
2278
4982 2279
2279
4982 2279
4982
4982 2279
2279
4982 2279
2279
4982 2279
4982
4982 2279
2279
4982 2279
4982
4981 2279
2279
4981 2280
2280
4981 2281
4981
4981 2281
4981
4981 2281
4981
4981 2281
4981
4981 2281
2281
4981 2282
2282
4981 2282
2282
4981 2283
2283
4981 2284
2284
4981 2285
4981
4981 2285
4981
4981 2285
2285
4981 2285
4981
4981 2285
4981
4981 2285
4981
4980 2285
2285
4980 2285
2285
4980 2285
4980
4980 2285
2285
4980 2285
4980
4980 2285
4980
4979 2285
2285
4979 2286
4979
4979 2286
4979
4979 2286
4979
4978 2286
2286
4978 2287
4978
4978 2287
4978
4978 2287
2287
4978 2288
4978
4978 2288
4978
4977 2288
4977
4977 2288
2288
4977 2288
2288
4977 2289
4977
4977 2289
4977
4977 2289
4977
4977 2289
2289
4977 2290
2290
4977 2291
4977
4976 2291
4976
4976 2291
4976
4976 2291
4976
4976 2291
2291
4976 2291
4976
4975 2291
4975
4975 2291
4975
4975 2291
2291
4975 2291
4975
4975 2291
2291
4975 2292
4975
4974 2292
4974
4974 2292
4974
4974 2292
4974
4974 2292
2292
4974 2292
2292
4974 2292
2292
4974 2292
4974
4973 2292
2292
4973 2293
2293
4973 2294
4973
4973 2294
2294
4973 2295
4973
4972 2295
4972
4972 2295
4972
4972 2295
2295
4972 2296
2296
4972 2296
2296
4972 2296
4972
4971 2296
4971
4971 2296
2296
4971 2297
4971
4971 2297
4971
4971 2297
2297
4971 2297
2297
4971 2298
2298
4971 2299
4971
4971 2299
2299
4971 2299
4971
4970 2299
4970
4970 2299
4970
4970 2299
2299
4970 2299
2299
4970 2299
4970
4970 2299
4970
4970 2299
2299
4970 2300
2300
4970 2300
2300
4970 2300
2300
4970 2301
2301
4970 2302
4970
4970 2302
4970
4970 2302
4970
4970 2302
2302
4970 2302
2302
4970 2303
4970
4969 2303
4969
4969 2303
4969
4969 2303
2303
4969 2303
4969
4969 2303
2303
4969 2304
2304
4969 2304
4969
4968 2304
4968
4968 2304
4968
4968 2304
2304
4968 2304
2304
4968 2305
2305
4968 2306
4968
4968 2306
4968
4968 2306
2306
4968 2306
2306
4968 2306
4968
4968 2306
4968
4967 2306
4967
4967 2306
2306
4967 2306
2306
4967 2306
4967
4966 2306
2306
4966 2306
4966
4966 2306
4966
4965 2306
2306
4965 2307
4965
4965 2307
4965
4965 2307
2307
4965 2308
2308
4965 2308
4965
4965 2308
2308
4965 2308
4965
4965 2308
4965
4964 2308
2308
4964 2309
2309
4964 2310
4964
4964 2310
4964
4964 2310
4964
4963 2310
2310
4963 2311
2311
4963 2311
4963
4963 2311
2311
4963 2311
4963
4963 2311
4963
4963 2311
2311
4963 2312
4963
4963 2312
2312
4963 2313
2313
4963 2313
2313
4963 2313
2313
4963 2313
2313
4963 2314
4963
4963 2314
2314
4963 2314
2314
4963 2314
4963
4962 2314
2314
4962 2315
2315
4962 2316
4962
4962 2316
2316
4962 2316
2316
4962 2316
4962
4961 2316
2316
4961 2317
4961
4961 2317
2317
4961 2317
2317
4961 2318
4961
4961 2318
4961
4961 2318
2318
4961 2319
4961
4960 2319
4960
4960 2319
2319
4960 2320
4960
4960 2320
4960
4959 2320
4959
4959 2320
4959
4959 2320
4959
4959 2320
4959
4959 2320
2320
4959 2321
2321
4959 2321
4959
4959 2321
2321
4959 2321
4959
4959 2321
2321
4959 2322
2322
4959 2323
2323
4959 2323
4959
4959 2323
2323
4959 2324
2324
4959 2325
2325
4959 2325
4959
4959 2325
4959
4958 2325
4958
4958 2325
4958
4958 2325
2325
4958 2325
2325
4958 2325
2325
4958 2326
2326
4958 2326
4958
4957 2326
4957
4957 2326
2326
4957 2327
4957
4957 2327
2327
4957 2328
4957
4956 2328
2328
4956 2329
2329
4956 2330
2330
4956 2330
4956
4956 2330
2330
4956 2330
2330
4956 2331
2331
4956 2332
4956
4956 2332
2332
4956 2332
4956
4956 2332
2332
4956 2333
2333
4956 2333
4956
4956 2333
2333
4956 2333
4956
4956 2333
2333
4956 2333
2333
4956 2334
4956
4956 2334
2334
4956 2334
4956
4956 2334
2334
4956 2334
2334
4956 2334
4956
4956 2334
4956
4955 2334
4955
4955 2334
4955
4955 2334
4955
4955 2334
4955
4955 2334
4955
4955 2334
2334
4955 2334
2334
4955 2334
2334
4955 2335
4955
4955 2335
4955
4955 2335
4955
4954 2335
2335
4954 2336
2336
4954 2337
2337
4954 2338
2338
4954 2338
2338
4954 2339
4954
4954 2339
2339
4954 2340
4954
4954 2340
4954
4953 2340
2340
4953 2340
2340
4953 2341
2341
4953 2342
4953
4953 2342
4953
4953 2342
2342
4953 2343
4953
4952 2343
4952
4952 2343
4952
4952 2343
2343
4952 2343
2343
4952 2344
2344
4952 2344
4952
4952 2344
2344
4952 2344
4952
4951 2344
4951
4951 2344
4951
4951 2344
2344
4951 2345
2345
4951 2345
4951
4950 2345
2345
4950 2345
4950
4950 2345
2345
4950 2346
2346
4950 2346
2346
4950 2347
2347
4950 2348
4950
4950 2348
4950
4949 2348
2348
4949 2348
4949
4949 2348
2348
4949 2349
4949
4949 2349
4949
4949 2349
4949
4949 2349
2349
4949 2350
4949
4949 2350
4949
4949 2350
4949
4948 2350
2350
4948 2351
2351
4948 2352
2352
4948 2352
4948
4948 2352
2352
4948 2353
4948
4948 2353
4948
4948 2353
2353
4948 2353
4948
4947 2353
2353
4947 2354
4947
4947 2354
2354
4947 2354
2354
4947 2355
4947
4947 2355
2355
4947 2355
2355
4947 2356
4947
4946 2356
2356
4946 2357
2357
4946 2358
2358
4946 2359
2359
4946 2360
4946
4946 2360
4946
4946 2360
4946
4946 2360
4946
4946 2360
4946
4945 2360
4945
4945 2360
4945
4945 2360
4945
4945 2360
4945
4944 2360
4944
4944 2360
2360
4944 2360
2360
4944 2360
2360
4944 2361
4944
4944 2361
2361
4944 2361
2361
4944 2361
2361
4944 2362
4944
4944 2362
4944
4943 2362
4943
4943 2362
4943
4943 2362
4943
4943 2362
2362
4943 2362
4943
4942 2362
2362
4942 2362
4942
4942 2362
4942
4942 2362
4942
4942 2362
4942
4942 2362
2362
4942 2362
4942
4941 2362
2362
4941 2363
4941
4941 2363
2363
4941 2364
2364
4941 2365
4941
4941 2365
2365
4941 2366
2366
4941 2367
4941
4941 2367
4941
4941 2367
4941
4941 2367
4941
4940 2367
2367
4940 2367
2367
4940 2367
2367
4940 2367
4940
4940 2367
2367
4940 2367
2367
4940 2367
4940
4940 2367
4940
4940 2367
2367
4940 2368
4940
4939 2368
2368
4939 2368
4939
4939 2368
4939
4939 2368
2368
4939 2369
4939
4939 2369
2369
4939 2370
2370
4939 2371
2371
4939 2372
2372
4939 2372
4939
4938 2372
4938
4938 2372
2372
4938 2373
4938
4938 2373
4938
4938 2373
4938
4937 2373
2373
4937 2374
2374
4937 2374
2374
4937 2375
4937
4937 2375
2375
4937 2376
4937
4937 2376
2376
4937 2376
4937
4936 2376
2376
4936 2377
4936
4936 2377
2377
4936 2378
4936
4936 2378
4936
4935 2378
4935
4935 2378
4935
4935 2378
2378
4935 2378
4935
4934 2378
2378
4934 2378
2378
4934 2379
4934
4934 2379
2379
4934 2379
4934
4934 2379
4934
4934 2379
4934
4934 2379
2379
4934 2380
4934
4934 2380
4934
4934 2380
4934
4934 2380
2380
4934 2380
2380
4934 2381
2381
4934 2381
2381
4934 2382
2382
4934 2383
2383
4934 2383
2383
4934 2384
4934
4934 2384
2384
4934 2384
2384
4934 2385
2385
4934 2386
4934
4934 2386
4934
4933 2386
4933
4933 2386
2386
4933 2387
4933
4932 2387
4932
4932 2387
2387
4932 2388
4932
4932 2388
2388
4932 2388
4932
4932 2388
2388
4932 2388
2388
4932 2388
4932
4932 2388
2388
4932 2389
2389
4932 2390
2390
4932 2390
2390
4932 2391
4932
4931 2391
2391
4931 2392
2392
4931 2393
2393
4931 2394
4931
4931 2394
4931
4931 2394
2394
4931 2395
2395
4931 2395
4931
4931 2395
4931
4930 2395
2395
4930 2396
2396
4930 2397
4930
4930 2397
4930
4930 2397
2397
4930 2398
4930
4930 2398
4930
4930 2398
4930
4929 2398
2398
4929 2399
2399
4929 2400
2400
4929 2400
4929
4929 2400
2400
4929 2400
2400
4929 2400
2400
4929 2401
4929
4929 2401
2401
4929 2402
4929
4928 2402
2402
4928 2402
2402
4928 2403
2403
4928 2404
4928
4928 2404
2404
4928 2404
2404
4928 2405
4928
4928 2405
4928
4928 2405
4928
4927 2405
4927
4927 2405
4927
4926 2405
2405
4926 2406
2406
4926 2407
2407
4926 2408
4926
4926 2408
4926
4926 2408
2408
4926 2409
2409
4926 2409
2409
4926 2409
2409
4926 2410
4926
4926 2410
2410
4926 2411
2411
4926 2411
2411
4926 2411
2411
4926 2412
2412
4926 2412
2412
4926 2412
2412
4926 2412
4926
4926 2412
4926
4926 2412
4926
4925 2412
2412
4925 2412
2412
4925 2412
2412
4925 2413
2413
4925 2413
4925
4925 2413
4925
4925 2413
2413
4925 2414
4925
4924 2414
2414
4924 2415
4924
4924 2415
2415
4924 2415
2415
4924 2416
4924
4924 2416
2416
4924 2416
4924
4924 2416
4924
4924 2416
2416
4924 2417
2417
4924 2417
2417
4924 2417
2417
4924 2417
2417
4924 2418
2418
4924 2419
2419
4924 2420
2420
4924 2420
2420
4924 2421
4924
4923 2421
2421
4923 2422
4923
4923 2422
4923
4923 2422
4923
4923 2422
4923
4922 2422
4922
4922 2422
2422
4922 2423
4922
4922 2423
4922
4922 2423
2423
4922 2424
4922
4921 2424
2424
4921 2425
2425
4921 2426
4921
4921 2426
4921
4921 2426
4921
4921 2426
2426
4921 2426
2426
4921 2427
4921
4921 2427
2427
4921 2428
4921
4921 2428
2428
4921 2429
2429
4921 2430
2430
4921 2430
4921
4920 2430
2430
4920 2430
2430
4920 2430
2430
4920 2430
4920
4920 2430
2430
4920 2431
4920
4920 2431
4920
4920 2431
2431
4920 2431
2431
4920 2431
4920
4920 2431
4920
4920 2431
2431
4920 2431
2431
4920 2431
4920
4919 2431
4919
4919 2431
2431
4919 2432
2432
4919 2432
2432
4919 2432
2432
4919 2433
4919
4919 2433
4919
4918 2433
2433
4918 2433
2433
4918 2433
4918
4918 2433
4918
4918 2433
2433
4918 2434
2434
4918 2435
4918
4918 2435
4918
4918 2435
2435
4918 2436
4918
4918 2436
4918
4918 2436
2436
4918 2437
4918
4917 2437
4917
4917 2437
2437
4917 2438
2438
4917 2438
2438
4917 2439
4917
4917 2439
4917
4916 2439
2439
4916 2440
4916
4916 2440
2440
4916 2440
4916
4916 2440
2440
4916 2440
2440
4916 2441
4916
4915 2441
4915
4915 2441
4915
4914 2441
2441
4914 2442
4914
4914 2442
2442
4914 2442
4914
4914 2442
4914
4914 2442
4914
4914 2442
4914
4914 2442
4914
4914 2442
2442
4914 2443
2443
4914 2443
4914
4913 2443
2443
4913 2443
4913
4913 2443
4913
4913 2443
2443
4913 2444
2444
4913 2444
4913
4912 2444
4912
4912 2444
4912
4912 2444
2444
4912 2445
2445
4912 2445
2445
4912 2445
2445
4912 2445
2445
4912 2445
2445
4912 2446
4912
4912 2446
2446
4912 2446
4912
4912 2446
4912
4912 2446
2446
4912 2447
2447
4912 2448
4912
4911 2448
2448
4911 2449
4911
4911 2449
4911
4911 2449
4911
4910 2449
4910
4910 2449
4910
4910 2449
4910
4909 2449
4909
4909 2449
2449
4909 2449
4909
4909 2449
4909
4908 2449
4908
4908 2449
4908
4908 2449
2449
4908 2450
2450
4908 2451
2451
4908 2452
2452
4908 2453
2453
4908 2453
4908
4908 2453
4908
4908 2453
4908
4908 2453
2453
4908 2453
4908
4907 2453
2453
4907 2453
4907
4907 2453
2453
4907 2454
2454
4907 2454
4907
4906 2454
4906
4906 2454
2454
4906 2454
4906
4906 2454
2454
4906 2455
2455
4906 2456
2456
4906 2457
2457
4906 2457
4906
4906 2457
2457
4906 2458
4906
4906 2458
4906
4906 2458
2458
4906 2458
2458
4906 2459
4906
4905 2459
2459
4905 2459
4905
4905 2459
4905
4905 2459
2459
4905 2460
2460
4905 2460
2460
4905 2461
2461
4905 2461
4905
4904 2461
4904
4904 2461
4904
4904 2461
4904
4904 2461
4904
4903 2461
2461
4903 2462
4903
4903 2462
4903
4903 2462
2462
4903 2462
4903
4902 2462
4902
4902 2462
2462
4902 2463
2463
4902 2464
4902
4901 2464
4901
4901 2464
2464
4901 2464
2464
4901 2464
4901
4901 2464
2464
4901 2465
4901
4901 2465
4901
4901 2465
2465
4901 2465
2465
4901 2465
2465
4901 2465
2465
4901 2466
2466
4901 2467
2467
4901 2468
4901
4900 2468
4900
4900 2468
2468
4900 2469
4900
4900 2469
2469
4900 2469
4900
4899 2469
2469
4899 2470
2470
4899 2470
2470
4899 2470
2470
4899 2471
4899
4899 2471
2471
4899 2472
2472
4899 2472
4899
4898 2472
2472
4898 2472
4898
4898 2472
2472
4898 2473
2473
4898 2473
4898
4898 2473
2473
4898 2474
4898
4898 2474
2474
4898 2474
4898
4898 2474
2474
4898 2474
2474
4898 2475
2475
4898 2476
4898
4897 2476
4897
4897 2476
2476
4897 2477
2477
4897 2478
4897
4897 2478
2478
4897 2479
2479
4897 2480
4897
4896 2480
4896
4896 2480
4896
4896 2480
2480
4896 2481
2481
4896 2481
2481
4896 2482
2482
4896 2482
2482
4896 2483
4896
4895 2483
4895
4895 2483
4895
4895 2483
4895
4894 2483
4894
4894 2483
2483
4894 2483
4894
4894 2483
2483
4894 2484
4894
4894 2484
4894
4893 2484
2484
4893 2485
4893
4893 2485
4893
4892 2485
4892
4892 2485
2485
4892 2486
2486
4892 2486
4892
4891 2486
2486
4891 2486
2486
4891 2486
2486
4891 2487
2487
4891 2487
4891
4891 2487
2487
4891 2487
2487
4891 2487
4891
4890 2487
4890
4890 2487
2487
4890 2488
4890
4889 2488
4889
4889 2488
4889
4889 2488
2488
4889 2488
2488
4889 2489
2489
4889 2489
4889
4889 2489
2489
4889 2490
2490
4889 2491
2491
4889 2491
2491
4889 2492
2492
4889 2492
2492
4889 2492
2492
4889 2492
4889
4888 2492
4888
4888 2492
2492
4888 2493
2493
4888 2494
2494
4888 2495
4888
4888 2495
4888
4887 2495
4887
4887 2495
2495
4887 2496
2496
4887 2496
4887
4886 2496
4886
4886 2496
4886
4886 2496
4886
4886 2496
4886
4885 2496
2496
4885 2496
2496
4885 2496
2496
4885 2497
2497
4885 2498
4885
4885 2498
2498
4885 2499
4885
4885 2499
4885
4885 2499
4885
4884 2499
2499
4884 2500
4884
4884 2500
2500
4884 2500
2500
4884 2501
2501
4884 2502
2502
4884 2503
2503
4884 2503
4884
4883 2503
2503
4883 2504
4883
4883 2504
2504
4883 2505
2505
4883 2506
2506
4883 2506
2506
4883 2506
2506
4883 2507
4883
4883 2507
4883
4883 2507
4883
4882 2507
2507
4882 2507
4882
4882 2507
4882
4881 2507
4881
4881 2507
4881
4881 2507
2507
4881 2508
4881
4881 2508
2508
4881 2508
4881
4881 2508
4881
4881 2508
4881
4880 2508
4880
4880 2508
2508
4880 2509
4880
4879 2509
4879
4879 2509
4879
4878 2509
2509
4878 2509
2509
4878 2509
2509
4878 2509
2509
4878 2509
4878
4878 2509
4878
4878 2509
2509
4878 2510
4878
4878 2510
2510
4878 2510
4878
4878 2510
4878
4878 2510
4878
4878 2510
2510
4878 2511
4878
4877 2511
4877
4877 2511
2511
4877 2512
4877
4877 2512
4877
4877 2512
2512
4877 2512
2512
4877 2513
4877
4876 2513
2513
4876 2514
4876
4876 2514
2514
4876 2515
2515
4876 2515
2515
4876 2515
2515
4876 2516
2516
4876 2517
4876
4876 2517
2517
4876 2517
2517
4876 2517
2517
4876 2518
2518
4876 2518
4876
4876 2518
4876
4876 2518
4876
4875 2518
2518
4875 2519
2519
4875 2519
4875
4875 2519
4875
4875 2519
2519
4875 2519
2519
4875 2520
4875
4875 2520
2520
4875 2520
2520
4875 2521
2521
4875 2521
4875
4874 2521
4874
4874 2521
2521
4874 2521
4874
4873 2521
2521
4873 2521
4873
4873 2521
2521
4873 2521
4873
4873 2521
4873
4872 2521
2521
4872 2522
2522
4872 2522
2522
4872 2523
2523
4872 2524
2524
4872 2524
4872
4872 2524
4872
4872 2524
2524
4872 2524
4872
4871 2524
4871
4871 2524
2524
4871 2525
4871
4870 2525
4870
4870 2525
4870
4870 2525
4870
4870 2525
2525
4870 2525
2525
4870 2526
4870
4870 2526
2526
4870 2526
4870
4870 2526
2526
4870 2526
2526
4870 2526
4870
4870 2526
4870
4869 2526
2526
4869 2527
2527
4869 2527
2527
4869 2527
2527
4869 2528
2528
4869 2528
2528
4869 2529
4869
4869 2529
2529
4869 2529
4869
4869 2529
2529
4869 2530
4869
4869 2530
2530
4869 2530
2530
4869 2530
2530
4869 2530
2530
4869 2530
4869
4868 2530
2530
4868 2530
4868
4868 2530
2530
4868 2530
4868
4867 2530
2530
4867 2531
2531
4867 2532
4867
4867 2532
2532
4867 2532
4867
4867 2532
4867
4867 2532
4867
4866 2532
4866
4866 2532
2532
4866 2533
4866
4866 2533
2533
4866 2533
4866
4865 2533
2533
4865 2533
2533
4865 2533
2533
4865 2534
2534
4865 2535
2535
4865 2536
2536
4865 2537
4865
4865 2537
2537
4865 2538
4865
4865 2538
4865
4865 2538
2538
4865 2538
4865
4864 2538
2538
4864 2538
2538
4864 2538
2538
4864 2538
2538
4864 2539
4864
4864 2539
2539
4864 2539
2539
4864 2539
2539
4864 2540
4864
4864 2540
4864
4864 2540
4864
4864 2540
4864
4863 2540
4863
4863 2540
4863
4863 2540
4863
4863 2540
4863
4863 2540
2540
4863 2540
4863
4862 2540
2540
4862 2540
2540
4862 2540
4862
4862 2540
4862
4862 2540
2540
4862 2540
2540
4862 2540
4862
4861 2540
4861
4861 2540
2540
4861 2541
2541
4861 2541
4861
4861 2541
4861
4860 2541
4860
4860 2541
4860
4860 2541
4860
4860 2541
4860
4859 2541
4859
4859 2541
2541
4859 2541
4859
4859 2541
4859
4858 2541
2541
4858 2542
2542
4858 2543
2543
4858 2544
2544
4858 2545
2545
4858 2546
4858
4858 2546
2546
4858 2546
2546
4858 2547
4858
4858 2547
2547
4858 2547
2547
4858 2547
4858
4857 2547
4857
4857 2547
2547
4857 2548
4857
4857 2548
2548
4857 2548
2548
4857 2549
4857
4856 2549
4856
4856 2549
2549
4856 2549
2549
4856 2550
2550
4856 2550
4856
4856 2550
2550
4856 2550
2550
4856 2551
4856
4856 2551
4856
4856 2551
4856
4856 2551
4856
4856 2551
4856
4855 2551
2551
4855 2551
2551
4855 2551
2551
4855 2552
4855
4855 2552
4855
4855 2552
4855
4855 2552
2552
4855 2553
2553
4855 2554
2554
4855 2554
4855
4854 2554
4854
4854 2554
2554
4854 2554
4854
4854 2554
2554
4854 2555
2555
4854 2555
2555
4854 2556
4854
4854 2556
2556
4854 2556
4854
4854 2556
4854
4853 2556
4853
4853 2556
4853
4853 2556
4853
4853 2556
2556
4853 2557
4853
4852 2557
2557
4852 2558
2558
4852 2559
4852
4852 2559
4852
4852 2559
4852
4852 2559
4852
4852 2559
2559
4852 2559
2559
4852 2559
4852
4852 2559
4852
4852 2559
4852
4852 2559
2559
4852 2560
2560
4852 2561
2561
4852 2561
2561
4852 2561
4852
4852 2561
4852
4852 2561
4852
4852 2561
4852
4851 2561
2561
4851 2561
4851
4851 2561
2561
4851 2561
2561
4851 2562
2562
4851 2563
4851
4851 2563
4851
4850 2563
2563
4850 2564
2564
4850 2564
2564
4850 2565
4850
4850 2565
2565
4850 2566
4850
4850 2566
2566
4850 2567
4850
4850 2567
2567
4850 2567
4850
4849 2567
2567
4849 2568
2568
4849 2568
2568
4849 2568
2568
4849 2568
4849
4849 2568
4849
4849 2568
2568
4849 2569
4849
4849 2569
4849
4849 2569
2569
4849 2570
2570
4849 2571
4849
4849 2571
4849
4849 2571
2571
4849 2572
2572
4849 2572
4849
4848 2572
2572
4848 2572
4848
4848 2572
2572
4848 2572
2572
4848 2573
4848
4848 2573
2573
4848 2574
2574
4848 2574
2574
4848 2575
4848
4847 2575
4847
4847 2575
2575
4847 2576
2576
4847 2576
2576
4847 2577
4847
4846 2577
4846
4846 2577
2577
4846 2577
4846
4846 2577
4846
4845 2577
2577
4845 2577
4845
4845 2577
4845
4845 2577
4845
4845 2577
2577
4845 2578
2578
4845 2579
2579
4845 2579
2579
4845 2579
4845
4844 2579
4844
4844 2579
4844
4844 2579
4844
4843 2579
4843
4843 2579
2579
4843 2579
2579
4843 2580
2580
4843 2581
2581
4843 2581
2581
4843 2582
2582
4843 2582
4843
4843 2582
2582
4843 2583
2583
4843 2583
4843
4843 2583
2583
4843 2584
4843
4842 2584
4842
4842 2584
4842
4842 2584
2584
4842 2584
2584
4842 2584
2584
4842 2584
4842
4842 2584
4842
4842 2584
4842
4842 2584
2584
4842 2584
2584
4842 2585
4842
4841 2585
2585
4841 2585
2585
4841 2586
4841
4841 2586
4841
4841 2586
4841
4841 2586
2586
4841 2587
4841
4840 2587
2587
4840 2588
4840
4840 2588
2588
4840 2588
2588
4840 2588
4840
4840 2588
4840
4840 2588
4840
4839 2588
4839
4839 2588
4839
4838 2588
4838
4838 2588
4838
4838 2588
2588
4838 2589
2589
4838 2589
4838
4838 2589
4838
4838 2589
2589
4838 2589
2589
4838 2589
4838
4838 2589
4838
4837 2589
4837
4837 2589
2589
4837 2589
2589
4837 2589
4837
4837 2589
4837
4837 2589
4837
4837 2589
4837
4837 2589
4837
4836 2589
2589
4836 2589
2589
4836 2590
2590
4836 2590
2590
4836 2590
2590
4836 2590
2590
4836 2590
2590
4836 2591
2591
4836 2591
4836
4836 2591
2591
4836 2591
2591
4836 2592
4836
4836 2592
2592
4836 2593
4836
4836 2593
2593
4836 2594
2594
4836 2595
2595
4836 2596
2596
4836 2596
2596
4836 2597
2597
4836 2598
4836
4836 2598
2598
4836 2599
2599
4836 2599
2599
4836 2600
2600
4836 2600
2600
4836 2601
4836
4836 2601
2601
4836 2601
4836
4835 2601
4835
4835 2601
2601
4835 2602
2602
4835 2602
4835
4835 2602
4835
4835 2602
2602
4835 2602
4835
4835 2602
4835
4835 2602
4835
4835 2602
4835
4835 2602
4835
4834 2602
4834
4834 2602
4834
4834 2602
4834
4834 2602
4834
4834 2602
4834
4834 2602
2602
4834 2602
4834
4833 2602
2602
4833 2603
2603
4833 2604
4833
4833 2604
2604
4833 2604
2604
4833 2605
2605
4833 2606
4833
4833 2606
2606
4833 2607
4833
4833 2607
4833
4833 2607
2607
4833 2607
2607
4833 2608
4833
4833 2608
4833
4833 2608
2608
4833 2609
2609
4833 2610
4833
4833 2610
4833
4833 2610
2610
4833 2611
4833
4832 2611
2611
4832 2612
2612
4832 2613
2613
4832 2613
4832
4832 2613
2613
4832 2614
2614
4832 2614
4832
4832 2614
2614
4832 2615
2615
4832 2616
4832
4832 2616
2616
4832 2617
2617
4832 2617
4832
4831 2617
4831
4831 2617
2617
4831 2618
4831
4831 2618
2618
4831 2619
2619
4831 2619
4831
4831 2619
2619
4831 2620
2620
4831 2620
2620
4831 2620
2620
4831 2620
4831
4831 2620
2620
4831 2621
2621
4831 2621
4831
4831 2621
2621
4831 2622
2622
4831 2622
4831
4830 2622
4830
4830 2622
2622
4830 2623
4830
4830 2623
4830
4830 2623
2623
4830 2624
2624
4830 2625
2625
4830 2626
4830
4830 2626
2626
4830 2626
2626
4830 2627
4830
4830 2627
2627
4830 2627
2627
4830 2628
4830
4830 2628
4830
4829 2628
2628
4829 2628
2628
4829 2628
4829
4829 2628
2628
4829 2629
4829
4829 2629
2629
4829 2630
2630
4829 2631
4829
4829 2631
2631
4829 2631
4829
4829 2631
4829
4829 2631
2631
4829 2632
4829
4828 2632
2632
4828 2633
4828
4828 2633
2633
4828 2633
2633
4828 2634
4828
4828 2634
2634
4828 2634
2634
4828 2635
4828
4827 2635
4827
4827 2635
4827
4827 2635
4827
4827 2635
4827
4827 2635
2635
4827 2636
2636
4827 2636
4827
4827 2636
2636
4827 2636
4827
4827 2636
4827
4827 2636
4827
4827 2636
2636
4827 2636
2636
4827 2636
2636
4827 2637
2637
4827 2638
4827
4827 2638
2638
4827 2639
2639
4827 2639
2639
4827 2639
4827
4827 2639
2639
4827 2640
4827
4826 2640
2640
4826 2640
4826
4826 2640
2640
4826 2640
2640
4826 2641
2641
4826 2642
4826
4826 2642
4826
4826 2642
4826
4826 2642
2642
4826 2643
4826
4826 2643
4826
4825 2643
4825
4825 2643
4825
4825 2643
4825
4825 2643
2643
4825 2644
2644
4825 2644
4825
4824 2644
4824
4824 2644
2644
4824 2644
4824
4824 2644
4824
4823 2644
4823
4823 2644
4823
4823 2644
2644
4823 2644
4823
4823 2644
2644
4823 2645
2645
4823 2645
2645
4823 2646
2646
4823 2647
2647
4823 2647
2647
4823 2648
2648
4823 2648
2648
4823 2649
4823
4823 2649
4823
4823 2649
2649
4823 2649
4823
4822 2649
4822
4822 2649
4822
4821 2649
2649
4821 2650
4821
4821 2650
2650
4821 2651
2651
4821 2652
2652
4821 2653
2653
4821 2654
2654
4821 2655
2655
4821 2655
2655
4821 2655
2655
4821 2655
4821
4821 2655
4821
4821 2655
4821
4821 2655
2655
4821 2655
2655
4821 2655
4821
4821 2655
4821
4821 2655
2655
4821 2655
4821
4821 2655
4821
4821 2655
4821
4821 2655
4821
4820 2655
2655
4820 2656
2656
4820 2657
2657
4820 2657
4820
4820 2657
4820
4819 2657
2657
4819 2658
2658
4819 2659
4819
4819 2659
2659
4819 2659
4819
4819 2659
2659
4819 2660
4819
4819 2660
2660
4819 2661
4819
4819 2661
2661
4819 2661
4819
4818 2661
2661
4818 2662
2662
4818 2662
2662
4818 2663
4818
4818 2663
4818
4818 2663
2663
4818 2664
2664
4818 2665
4818
4818 2665
4818
4818 2665
4818
4818 2665
2665
4818 2666
2666
4818 2666
2666
4818 2666
2666
4818 2667
4818
4818 2667
4818
4817 2667
4817
4817 2667
4817
4817 2667
4817
4817 2667
4817
4817 2667
4817
4816 2667
4816
4816 2667
4816
4816 2667
2667
4816 2667
4816
4815 2667
4815
4815 2667
2667
4815 2667
2667
4815 2668
2668
4815 2669
2669
4815 2670
2670
4815 2671
2671
4815 2672
4815
4814 2672
4814
4814 2672
2672
4814 2673
4814
4814 2673
4814
4813 2673
4813
4813 2673
2673
4813 2673
4813
4813 2673
2673
4813 2674
2674
4813 2675
2675
4813 2676
2676
4813 2677
2677
4813 2678
2678
4813 2678
4813
4813 2678
4813
4813 2678
2678
4813 2679
2679
4813 2680
2680
4813 2681
4813
4812 2681
4812
4812 2681
4812
4812 2681
4812
4812 2681
4812
4812 2681
2681
4812 2682
4812
4812 2682
4812
4811 2682
4811
4811 2682
2682
4811 2683
2683
4811 2684
2684
4811 2684
4811
4811 2684
4811
4811 2684
2684
4811 2685
2685
4811 2685
4811
4811 2685
4811
4811 2685
2685
4811 2685
2685
4811 2685
4811
4811 2685
2685
4811 2685
2685
4811 2685
4811
4811 2685
2685
4811 2686
4811
4811 2686
2686
4811 2686
4811
4810 2686
2686
4810 2686
4810
4810 2686
2686
4810 2686
4810
4810 2686
2686
4810 2686
2686
4810 2686
2686
4810 2687
2687
4810 2687
2687
4810 2687
4810
4810 2687
4810
4810 2687
2687
4810 2687
2687
4810 2687
2687
4810 2688
4810
4810 2688
2688
4810 2689
2689
4810 2690
2690
4810 2690
4810
4810 2690
4810
4810 2690
4810
4809 2690
4809
4809 2690
4809
4808 2690
4808
4808 2690
2690
4808 2690
2690
4808 2691
4808
4808 2691
2691
4808 2692
4808
4808 2692
2692
4808 2693
2693
4808 2693
2693
4808 2694
4808
4808 2694
2694
4808 2695
4808
4808 2695
2695
4808 2696
4808
4808 2696
4808
4808 2696
2696
4808 2697
2697
4808 2698
4808
4807 2698
2698
4807 2699
2699
4807 2699
4807
4807 2699
4807
4807 2699
4807
4807 2699
2699
4807 2699
4807
4807 2699
4807
4807 2699
4807
4807 2699
4807
4807 2699
2699
4807 2700
4807
4807 2700
2700
4807 2700
4807
4806 2700
4806
4806 2700
2700
4806 2700
4806
4806 2700
2700
4806 2700
2700
4806 2700
4806
4805 2700
4805
4805 2700
2700
4805 2701
2701
4805 2702
2702
4805 2703
4805
4805 2703
2703
4805 2703
2703
4805 2704
4805
4805 2704
2704
4805 2705
2705
4805 2705
4805
4804 2705
4804
4804 2705
4804
4804 2705
2705
4804 2705
4804
4804 2705
2705
4804 2706
4804
4804 2706
2706
4804 2706
2706
4804 2707
2707
4804 2708
4804
4803 2708
4803
4803 2708
2708
4803 2708
2708
4803 2709
2709
4803 2709
2709
4803 2709
4803
4803 2709
2709
4803 2710
2710
4803 2711
4803
4802 2711
4802
4802 2711
4802
4802 2711
4802
4801 2711
2711
4801 2711
4801
4801 2711
2711
4801 2711
4801
4801 2711
2711
4801 2711
2711
4801 2712
4801
4801 2712
4801
4801 2712
2712
4801 2713
4801
4800 2713
4800
4800 2713
2713
4800 2714
2714
4800 2715
2715
4800 2715
2715
4800 2716
2716
4800 2717
4800
4800 2717
4800
4800 2717
2717
4800 2717
2717
4800 2717
2717
4800 2718
2718
4800 2718
4800
4800 2718
4800
4799 2718
2718
4799 2718
2718
4799 2719
2719
4799 2720
4799
4799 2720
2720
4799 2721
4799
4799 2721
2721
4799 2722
2722
4799 2723
2723
4799 2724
4799
4799 2724
2724
4799 2725
4799
4799 2725
2725
4799 2726
2726
4799 2726
2726
4799 2727
4799
4798 2727
2727
4798 2728
2728
4798 2728
4798
4798 2728
2728
4798 2729
4798
4798 2729
4798
4797 2729
2729
4797 2729
4797
4797 2729
4797
4797 2729
4797
4797 2729
2729
4797 2729
2729
4797 2730
2730
4797 2730
4797
4797 2730
4797
4796 2730
2730
4796 2730
4796
4796 2730
4796
4795 2730
2730
4795 2730
4795
4795 2730
4795
4795 2730
4795
4795 2730
2730
4795 2730
2730
4795 2731
2731
4795 2732
2732
4795 2732
4795
4795 2732
4795
4795 2732
4795
4795 2732
2732
4795 2733
2733
4795 2734
4795
4795 2734
2734
4795 2734
4795
4795 2734
2734
4795 2735
2735
4795 2735
2735
4795 2736
4795
4794 2736
4794
4794 2736
4794
4794 2736
2736
4794 2736
4794
4794 2736
4794
4794 2736
2736
4794 2736
2736
4794 2737
4794
4794 2737
4794
4793 2737
4793
4793 2737
4793
4793 2737
2737
4793 2738
4793
4793 2738
4793
4793 2738
4793
4793 2738
4793
4793 2738
2738
4793 2739
4793
4793 2739
4793
4793 2739
4793
4792 2739
4792
4792 2739
2739
4792 2739
2739
4792 2739
2739
4792 2739
2739
4792 2739
4792
4791 2739
4791
4791 2739
4791
4790 2739
2739
4790 2740
2740
4790 2741
2741
4790 2742
4790
4790 2742
2742
4790 2742
2742
4790 2743
2743
4790 2743
4790
4790 2743
2743
4790 2743
2743
4790 2744
4790
4789 2744
2744
4789 2744
2744
4789 2745
2745
4789 2745
4789
4789 2745
4789
4788 2745
2745
4788 2745
2745
4788 2745
4788
4788 2745
4788
4788 2745
2745
4788 2746
2746
4788 2747
4788
4788 2747
4788
4787 2747
2747
4787 2748
2748
4787 2749
4787
4787 2749
4787
4787 2749
2749
4787 2750
4787
4787 2750
2750
4787 2750
4787
4787 2750
2750
4787 2750
2750
4787 2751
2751
4787 2751
2751
4787 2752
4787
4787 2752
2752
4787 2753
2753
4787 2753
2753
4787 2753
4787
4787 2753
2753
4787 2754
4787
4787 2754
4787
4787 2754
2754
4787 2755
4787
4786 2755
2755
4786 2756
2756
4786 2757
4786
4786 2757
4786
4786 2757
2757
4786 2757
2757
4786 2757
2757
4786 2758
4786
4786 2758
4786
4785 2758
2758
4785 2759
4785
4785 2759
4785
4785 2759
2759
4785 2759
2759
4785 2759
2759
4785 2760
4785
4785 2760
2760
4785 2760
4785
4785 2760
2760
4785 2761
4785
4785 2761
4785
4785 2761
2761
4785 2762
2762
4785 2763
4785
4785 2763
2763
4785 2764
4785
4785 2764
4785
4784 2764
4784
4784 2764
4784
4783 2764
2764
4783 2764
4783
4783 2764
2764
4783 2765
2765
4783 2766
2766
4783 2767
4783
4783 2767
2767
4783 2767
4783
4783 2767
2767
4783 2767
2767
4783 2768
2768
4783 2768
2768
4783 2768
2768
4783 2768
2768
4783 2769
2769
4783 2770
2770
4783 2770
2770
4783 2770
4783
4783 2770
4783
4782 2770
4782
4782 2770
4782
4781 2770
4781
4781 2770
2770
4781 2771
4781
4781 2771
4781
4781 2771
2771
4781 2771
4781
4781 2771
4781
4780 2771
2771
4780 2771
2771
4780 2771
2771
4780 2771
2771
4780 2771
4780
4780 2771
2771
4780 2771
4780
4780 2771
2771
4780 2772
4780
4780 2772
4780
4780 2772
4780
4780 2772
2772
4780 2773
2773
4780 2774
4780
4780 2774
4780
4780 2774
4780
4780 2774
2774
4780 2774
2774
4780 2775
4780
4780 2775
2775
4780 2775
4780
4780 2775
2775
4780 2776
4780
4779 2776
4779
4779 2776
2776
4779 2777
2777
4779 2777
4779
4778 2777
2777
4778 2778
2778
4778 2779
4778
4778 2779
2779
4778 2780
2780
4778 2781
4778
4778 2781
2781
4778 2781
2781
4778 2782
2782
4778 2783
4778
4778 2783
4778
4778 2783
2783
4778 2784
2784
4778 2785
2785
4778 2785
2785
4778 2785
2785
4778 2785
2785
4778 2786
2786
4778 2786
4778
4777 2786
2786
4777 2787
4777
4777 2787
4777
4777 2787
2787
4777 2787
2787
4777 2788
2788
4777 2788
2788
4777 2789
4777
4777 2789
4777
4776 2789
4776
4776 2789
2789
4776 2790
2790
4776 2790
2790
4776 2791
2791
4776 2792
2792
4776 2792
4776
4776 2792
4776
4775 2792
4775
4775 2792
2792
4775 2793
2793
4775 2794
4775
4774 2794
2794
4774 2794
4774
4774 2794
4774
4774 2794
4774
4774 2794
4774
4774 2794
2794
4774 2795
4774
4774 2795
2795
4774 2795
2795
4774 2796
4774
4773 2796
4773
4773 2796
4773
4773 2796
2796
4773 2796
4773
4773 2796
2796
4773 2796
2796
4773 2797
2797
4773 2798
4773
4772 2798
2798
4772 2799
2799
4772 2800
4772
4772 2800
2800
4772 2801
2801
4772 2802
2802
4772 2803
2803
4772 2803
2803
4772 2803
4772
4772 2803
2803
4772 2804
2804
4772 2804
2804
4772 2805
2805
4772 2805
4772
4772 2805
2805
4772 2806
2806
4772 2806
2806
4772 2807
4772
4772 2807
4772
4771 2807
2807
4771 2807
4771
4771 2807
2807
4771 2808
2808
4771 2808
2808
4771 2808
2808
4771 2808
4771
4771 2808
2808
4771 2809
4771
4771 2809
4771
4771 2809
4771
4771 2809
2809
4771 2810
4771
4770 2810
2810
4770 2810
2810
4770 2810
4770
4770 2810
4770
4770 2810
4770
4769 2810
2810
4769 2810
4769
4769 2810
4769
4769 2810
2810
4769 2811
4769
4769 2811
4769
4768 2811
4768
4768 2811
2811
4768 2812
4768
4768 2812
4768
4768 2812
4768
4767 2812
4767
4767 2812
4767
4767 2812
4767
4766 2812
4766
4766 2812
4766
4765 2812
2812
4765 2813
2813
4765 2813
4765
4765 2813
2813
4765 2813
4765
4765 2813
4765
4765 2813
2813
4765 2814
2814
4765 2815
4765
4764 2815
4764
4764 2815
4764
4764 2815
4764
4764 2815
4764
4764 2815
4764
4764 2815
2815
4764 2816
2816
4764 2817
4764
4764 2817
4764
4763 2817
4763
4763 2817
4763
4763 2817
4763
4763 2817
2817
4763 2817
4763
4763 2817
2817
4763 2817
4763
4763 2817
4763
4763 2817
4763
4763 2817
2817
4763 2818
4763
4763 2818
4763
4762 2818
4762
4762 2818
2818
4762 2819
4762
4762 2819
2819
4762 2819
4762
4761 2819
4761
4761 2819
4761
4761 2819
4761
4761 2819
2819
4761 2820
2820
4761 2821
2821
4761 2822
2822
4761 2822
2822
4761 2822
2822
4761 2822
4761
4761 2822
2822
4761 2822
4761
4761 2822
2822
4761 2822
4761
4761 2822
4761
4760 2822
4760
4760 2822
4760
4760 2822
2822
4760 2823
2823
4760 2824
2824
4760 2824
2824
4760 2824
2824
4760 2825
2825
4760 2826
2826
4760 2826
2826
4760 2826
4760
4760 2826
4760
4760 2826
4760
4760 2826
2826
4760 2827
2827
4760 2828
2828
4760 2828
4760
4760 2828
2828
4760 2828
4760
4760 2828
2828
4760 2829
2829
4760 2829
2829
4760 2830
2830
4760 2830
2830
4760 2831
4760
4760 2831
4760
4760 2831
2831
4760 2832
4760
4759 2832
4759
4759 2832
4759
4759 2832
2832
4759 2833
2833
4759 2833
4759
4759 2833
4759
4758 2833
4758
4758 2833
2833
4758 2834
2834
4758 2835
2835
4758 2836
2836
4758 2837
2837
4758 2838
4758
4758 2838
2838
4758 2839
4758
4758 2839
2839
4758 2840
4758
4758 2840
2840
4758 2841
4758
4757 2841
2841
4757 2842
2842
4757 2842
2842
4757 2843
2843
4757 2843
2843
4757 2844
4757
4757 2844
2844
4757 2844
4757
4756 2844
4756
4756 2844
4756
4756 2844
4756
4756 2844
2844
4756 2844
4756
4756 2844
4756
4756 2844
4756
4756 2844
2844
4756 2845
2845
4756 2846
4756
4756 2846
4756
4756 2846
2846
4756 2846
4756
4755 2846
2846
4755 2847
4755
4755 2847
2847
4755 2847
2847
4755 2847
4755
4754 2847
4754
4754 2847
4754
4754 2847
4754
4754 2847
2847
4754 2847
4754
4754 2847
2847
4754 2848
2848
4754 2848
2848
4754 2848
2848
4754 2849
2849
4754 2850
2850
4754 2850
2850
4754 2851
4754
4754 2851
4754
4754 2851
4754
4754 2851
4754
4753 2851
2851
4753 2852
4753
4753 2852
4753
4753 2852
2852
4753 2852
2852
4753 2852
2852
4753 2853
4753
4753 2853
4753
4753 2853
4753
4753 2853
2853
4753 2854
2854
4753 2855
2855
4753 2855
4753
4753 2855
2855
4753 2856
2856
4753 2857
2857
4753 2858
4753
4753 2858
2858
4753 2858
4753
4752 2858
4752
4752 2858
2858
4752 2859
2859
4752 2859
4752
4752 2859
2859
4752 2859
2859
4752 2860
4752
4752 2860
2860
4752 2860
4752
4752 2860
2860
4752 2860
4752
4751 2860
4751
4751 2860
4751
4751 2860
4751
4751 2860
2860
4751 2861
2861
4751 2861
2861
4751 2861
4751
4751 2861
4751
4751 2861
2861
4751 2861
4751
4750 2861
2861
4750 2862
4750
4750 2862
2862
4750 2862
2862
4750 2862
4750
4749 2862
4749
4749 2862
2862
4749 2862
2862
4749 2863
4749
4748 2863
4748
4748 2863
2863
4748 2863
4748
4748 2863
2863
4748 2863
2863
4748 2864
2864
4748 2864
2864
4748 2865
4748
4748 2865
4748
4748 2865
4748
4748 2865
4748
4748 2865
4748
4748 2865
4748
4748 2865
4748
4748 2865
4748
4748 2865
2865
4748 2866
2866
4748 2867
2867
4748 2868
4748
4747 2868
4747
4747 2868
4747
4747 2868
4747
4747 2868
2868
4747 2868
4747
4747 2868
4747
4747 2868
2868
4747 2868
2868
4747 2869
4747
4747 2869
2869
4747 2869
2869
4747 2870
2870
4747 2871
2871
4747 2871
2871
4747 2872
4747
4747 2872
2872
4747 2872
4747
4746 2872
2872
4746 2873
2873
4746 2873
2873
4746 2873
4746
4746 2873
4746
4746 2873
2873
4746 2873
4746
4746 2873
2873
4746 2873
4746
4746 2873
4746
4745 2873
2873
4745 2874
4745
4745 2874
2874
4745 2874
4745
4744 2874
4744
4744 2874
4744
4744 2874
4744
4744 2874
4744
4744 2874
2874
4744 2875
4744
4744 2875
2875
4744 2876
4744
4744 2876
4744
4743 2876
4743
4743 2876
4743
4743 2876
2876
4743 2876
4743
4743 2876
2876
4743 2876
2876
4743 2877
2877
4743 2877
4743
4743 2877
4743
4743 2877
4743
4742 2877
2877
4742 2877
4742
4742 2877
4742
4742 2877
4742
4742 2877
2877
4742 2877
2877
4742 2878
2878
4742 2878
2878
4742 2878
2878
4742 2878
2878
4742 2879
4742
4742 2879
2879
4742 2880
4742
4741 2880
4741
4741 2880
2880
4741 2880
4741
4741 2880
4741
4741 2880
2880
4741 2880
2880
4741 2880
4741
4741 2880
2880
4741 2881
4741
4741 2881
4741
4740 2881
4740
4740 2881
2881
4740 2881
4740
4740 2881
4740
4739 2881
4739
4739 2881
2881
4739 2881
2881
4739 2882
2882
4739 2882
2882
4739 2882
2882
4739 2882
2882
4739 2883
4739
4739 2883
4739
4739 2883
2883
4739 2884
2884
4739 2884
4739
4739 2884
4739
4739 2884
4739
4738 2884
2884
4738 2885
2885
4738 2886
4738
4738 2886
2886
4738 2887
4738
4738 2887
2887
4738 2888
4738
4738 2888
2888
4738 2889
2889
4738 2890
2890
4738 2891
4738
4738 2891
4738
4737 2891
2891
4737 2891
4737
4737 2891
2891
4737 2892
2892
4737 2892
4737
4737 2892
4737
4737 2892
2892
4737 2893
2893
4737 2894
4737
4737 2894
2894
4737 2894
4737
4737 2894
4737
4736 2894
4736
4736 2894
2894
4736 2894
2894
4736 2895
4736
4736 2895
4736
4736 2895
2895
4736 2895
4736
4736 2895
2895
4736 2896
4736
4736 2896
2896
4736 2896
2896
4736 2897
4736
4736 2897
4736
4735 2897
2897
4735 2897
2897
4735 2897
2897
4735 2898
4735
4735 2898
4735
4735 2898
4735
4735 2898
4735
4734 2898
2898
4734 2899
2899
4734 2900
4734
4734 2900
2900
4734 2900
4734
4734 2900
2900
4734 2900
4734
4734 2900
4734
4734 2900
2900
4734 2900
4734
4734 2900
2900
4734 2901
4734
4734 2901
2901
4734 2902
4734
4733 2902
2902
4733 2903
4733
4733 2903
4733
4733 2903
4733
4733 2903
4733
4733 2903
4733
4732 2903
2903
4732 2903
2903
4732 2904
2904
4732 2905
4732
4732 2905
2905
4732 2905
4732
4732 2905
4732
4732 2905
4732
4732 2905
4732
4731 2905
2905
4731 2906
2906
4731 2906
2906
4731 2907
2907
4731 2907
2907
4731 2908
2908
4731 2909
4731
4731 2909
2909
4731 2909
2909
4731 2910
2910
4731 2911
2911
4731 2911
4731
4731 2911
2911
4731 2912
4731
4731 2912
2912
4731 2913
2913
4731 2913
4731
4730 2913
4730
4730 2913
4730
4730 2913
2913
4730 2914
2914
4730 2915
4730
4730 2915
2915
4730 2915
4730
4730 2915
2915
4730 2915
2915
4730 2916
2916
4730 2916
2916
4730 2917
2917
4730 2918
4730
4730 2918
4730
4729 2918
2918
4729 2919
2919
4729 2920
2920
4729 2921
2921
4729 2921
4729
4729 2921
2921
4729 2921
4729
4729 2921
2921
4729 2921
2921
4729 2922
2922
4729 2922
2922
4729 2923
4729
4729 2923
4729
4729 2923
2923
4729 2923
2923
4729 2923
2923
4729 2924
2924
4729 2925
4729
4729 2925
2925
4729 2925
2925
4729 2926
2926
4729 2927
2927
4729 2927
4729
4728 2927
2927
4728 2927
2927
4728 2927
2927
4728 2928
2928
4728 2929
4728
4728 2929
4728
4728 2929
4728
4728 2929
4728
4728 2929
2929
4728 2929
2929
4728 2930
2930
4728 2931
4728
4728 2931
2931
4728 2932
4728
4728 2932
2932
4728 2932
2932
4728 2932
4728
4728 2932
2932
4728 2932
2932
4728 2932
2932
4728 2932
2932
4728 2933
2933
4728 2934
2934
4728 2935
2935
4728 2936
2936
4728 2936
2936
4728 2936
4728
4728 2936
2936
4728 2936
4728
4728 2936
4728
4727 2936
4727
4727 2936
4727
4727 2936
4727
4727 2936
4727
4726 2936
4726
4726 2936
2936
4726 2936
4726
4726 2936
2936
4726 2937
4726
4726 2937
4726
4725 2937
2937
4725 2937
4725
4725 2937
2937
4725 2938
2938
4725 2939
4725
4725 2939
4725
4725 2939
4725
4725 2939
2939
4725 2939
4725
4725 2939
2939
4725 2940
4725
4725 2940
4725
4725 2940
2940
4725 2940
2940
4725 2941
2941
4725 2942
2942
4725 2942
2942
4725 2942
4725
4725 2942
2942
4725 2942
2942
4725 2943
4725
4724 2943
2943
4724 2943
2943
4724 2943
4724
4724 2943
4724
4724 2943
4724
4724 2943
4724
4724 2943
4724
4724 2943
2943
4724 2944
4724
4724 2944
4724
4724 2944
2944
4724 2944
2944
4724 2944
2944
4724 2944
2944
4724 2945
4724
4724 2945
2945
4724 2946
2946
4724 2946
4724
4724 2946
4724
4724 2946
4724
4724 2946
4724
4724 2946
2946
4724 2947
4724
4723 2947
4723
4723 2947
2947
4723 2947
2947
4723 2948
4723
4723 2948
4723
4722 2948
4722
4722 2948
2948
4722 2948
2948
4722 2948
2948
4722 2949
4722
4722 2949
2949
4722 2950
2950
4722 2951
4722
4722 2951
2951
4722 2951
2951
4722 2952
2952
4722 2953
4722
4721 2953
2953
4721 2954
4721
4721 2954
2954
4721 2955
2955
4721 2955
4721
4721 2955
4721
4721 2955
2955
4721 2956
2956
4721 2957
2957
4721 2957
4721
4721 2957
4721
4721 2957
2957
4721 2958
2958
4721 2959
4721
4720 2959
2959
4720 2960
2960
4720 2961
2961
4720 2962
4720
4720 2962
4720
4720 2962
2962
4720 2963
4720
4720 2963
2963
4720 2964
4720
4720 2964
4720
4720 2964
4720
4720 2964
4720
4719 2964
4719
4719 2964
2964
4719 2965
2965
4719 2966
2966
4719 2967
4719
4719 2967
4719
4719 2967
2967
4719 2968
2968
4719 2969
4719
4718 2969
4718
4718 2969
2969
4718 2969
4718
4718 2969
4718
4717 2969
4717
4717 2969
2969
4717 2970
4717
4717 2970
2970
4717 2971
4717
4717 2971
2971
4717 2971
4717
4716 2971
2971
4716 2972
2972
4716 2972
2972
4716 2972
4716
4716 2972
4716
4716 2972
2972
4716 2972
4716
4716 2972
2972
4716 2972
4716
4715 2972
2972
4715 2973
4715
4715 2973
4715
4714 2973
4714
4714 2973
4714
4713 2973
2973
4713 2974
4713
4713 2974
4713
4712 2974
4712
4712 2974
4712
4712 2974
2974
4712 2974
2974
4712 2974
2974
4712 2975
2975
4712 2975
4712
4712 2975
2975
4712 2975
2975
4712 2975
4712
4711 2975
2975
4711 2976
4711
4711 2976
2976
4711 2977
4711
4711 2977
2977
4711 2978
2978
4711 2979
4711
4711 2979
4711
4711 2979
2979
4711 2979
4711
4711 2979
2979
4711 2979
4711
4710 2979
2979
4710 2979
2979
4710 2979
2979
4710 2980
2980
4710 2980
2980
4710 2981
2981
4710 2982
2982
4710 2983
2983
4710 2983
4710
4710 2983
2983
4710 2983
2983
4710 2983
4710
4710 2983
4710
4710 2983
4710
4710 2983
2983
4710 2984
4710
4709 2984
4709
4709 2984
2984
4709 2984
4709
4709 2984
4709
4709 2984
4709
4709 2984
4709
4708 2984
2984
4708 2985
2985
4708 2986
4708
4708 2986
4708
4708 2986
4708
4708 2986
4708
4708 2986
2986
4708 2987
2987
4708 2988
2988
4708 2989
2989
4708 2989
2989
4708 2990
2990
4708 2991
2991
4708 2991
2991
4708 2991
4708
4708 2991
4708
4707 2991
4707
4707 2991
4707
4707 2991
4707
4707 2991
2991
4707 2991
2991
4707 2992
2992
4707 2993
2993
4707 2993
4707
4707 2993
4707
4707 2993
4707
4707 2993
4707
4707 2993
2993
4707 2994
2994
4707 2995
2995
4707 2995
4707
4707 2995
4707
4707 2995
4707
4707 2995
4707
4707 2995
4707
4707 2995
2995
4707 2996
2996
4707 2996
2996
4707 2996
2996
4707 2997
2997
4707 2997
2997
4707 2997
2997
4707 2997
2997
4707 2997
2997
4707 2998
4707
4706 2998
4706
4706 2998
2998
4706 2998
4706
4706 2998
2998
4706 2998
2998
4706 2999
4706
4705 2999
4705
4705 2999
2999
4705 3000
3000
4705 3000
4705
4705 3000
3000
4705 3001
4705
4705 3001
4705
4704 3001
4704
4704 3001
4704
4704 3001
4704
4703 3001
4703
4703 3001
3001
4703 3001
3001
4703 3002
4703
4703 3002
4703
4703 3002
3002
4703 3003
3003
4703 3003
3003
4703 3004
3004
4703 3004
3004
4703 3004
4703
4703 3004
3004
4703 3005
3005
4703 3006
4703
4703 3006
4703
4702 3006
4702
4702 3006
3006
4702 3007
3007
4702 3008
3008
4702 3008
4702
4701 3008
3008
4701 3009
4701
4701 3009
4701
4701 3009
3009
4701 3009
3009
4701 3009
4701
4701 3009
4701
4701 3009
4701
4701 3009
4701
4701 3009
3009
4701 3010
4701
4701 3010
4701
4701 3010
3010
4701 3010
3010
4701 3010
4701
4701 3010
4701
4701 3010
4701
4700 3010
4700
4700 3010
3010
4700 3011
4700
4700 3011
4700
4699 3011
4699
4699 3011
3011
4699 3012
4699
4699 3012
4699
4699 3012
4699
4698 3012
4698
4698 3012
3012
4698 3013
4698
4698 3013
3013
4698 3013
3013
4698 3013
4698
4698 3013
3013
4698 3013
3013
4698 3014
3014
4698 3015
4698
4698 3015
4698
4698 3015
3015
4698 3016
3016
4698 3017
3017
4698 3018
3018
4698 3018
4698
4697 3018
4697
4697 3018
4697
4697 3018
4697
4697 3018
3018
4697 3019
3019
4697 3020
4697
4697 3020
4697
4697 3020
3020
4697 3021
4697
4697 3021
4697
4696 3021
3021
4696 3021
3021
4696 3022
4696
4696 3022
4696
4695 3022
3022
4695 3022
4695
4695 3022
3022
4695 3022
4695
4695 3022
3022
4695 3023
3023
4695 3024
3024
4695 3025
3025
4695 3025
4695
4695 3025
4695
4694 3025
3025
4694 3026
3026
4694 3027
3027
4694 3027
3027
4694 3028
3028
4694 3028
4694
4694 3028
4694
4694 3028
4694
4694 3028
3028
4694 3028
3028
4694 3029
3029
4694 3030
4694
4693 3030
3030
4693 3030
4693
4693 3030
4693
4692 3030
3030
4692 3030
3030
4692 3030
3030
4692 3030
3030
4692 3030
4692
4692 3030
3030
4692 3030
3030
4692 3031
4692
4692 3031
3031
4692 3032
3032
4692 3032
4692
4692 3032
4692
4692 3032
4692
4692 3032
3032
4692 3032
3032
4692 3033
4692
4692 3033
3033
4692 3033
4692
4692 3033
3033
4692 3034
3034
4692 3034
4692
4691 3034
4691
4691 3034
3034
4691 3035
3035
4691 3036
3036
4691 3037
4691
4691 3037
4691
4691 3037
3037
4691 3038
3038
4691 3038
4691
4690 3038
3038
4690 3039
4690
4690 3039
4690
4689 3039
3039
4689 3040
4689
4689 3040
4689
4688 3040
3040
4688 3040
4688
4688 3040
4688
4688 3040
4688
4688 3040
3040
4688 3041
3041
4688 3041
4688
4688 3041
3041
4688 3041
3041
4688 3042
3042
4688 3043
4688
4687 3043
4687
4687 3043
3043
4687 3043
3043
4687 3043
3043
4687 3044
3044
4687 3045
4687
4687 3045
3045
4687 3045
3045
4687 3045
4687
4687 3045
4687
4687 3045
3045
4687 3046
3046
4687 3046
3046
4687 3046
4687
4687 3046
3046
4687 3047
4687
4687 3047
4687
4686 3047
3047
4686 3047
3047
4686 3047
4686
4686 3047
4686
4686 3047
4686
4685 3047
3047
4685 3048
4685
4685 3048
3048
4685 3049
4685
4685 3049
3049
4685 3049
4685
4685 3049
3049
4685 3050
3050
4685 3050
4685
4684 3050
3050
4684 3051
4684
4684 3051
3051
4684 3051
3051
4684 3051
3051
4684 3052
3052
4684 3053
4684
4684 3053
3053
4684 3053
4684
4684 3053
4684
4684 3053
3053
4684 3053
4684
4684 3053
4684
4683 3053
3053
4683 3053
3053
4683 3054
3054
4683 3054
4683
4683 3054
4683
4683 3054
3054
4683 3055
3055
4683 3055
3055
4683 3055
4683
4683 3055
3055
4683 3055
3055
4683 3056
4683
4682 3056
4682
4682 3056
4682
4682 3056
3056
4682 3056
3056
4682 3057
4682
4682 3057
4682
4682 3057
3057
4682 3057
3057
4682 3058
3058
4682 3058
3058
4682 3059
3059
4682 3059
4682
4682 3059
4682
4682 3059
3059
4682 3059
3059
4682 3059
3059
4682 3059
3059
4682 3060
3060
4682 3060
4682
4681 3060
4681
4681 3060
4681
4681 3060
4681
4680 3060
3060
4680 3061
3061
4680 3062
3062
4680 3062
4680
4680 3062
4680
4680 3062
4680
4680 3062
3062
4680 3062
4680
4680 3062
4680
4680 3062
3062
4680 3063
3063
4680 3064
3064
4680 3064
4680
4679 3064
3064
4679 3064
4679
4679 3064
3064
4679 3065
3065
4679 3065
4679
4679 3065
3065
4679 3066
4679
4679 3066
3066
4679 3067
4679
4679 3067
3067
4679 3068
4679
4679 3068
4679
4679 3068
4679
4679 3068
3068
4679 3069
3069
4679 3070
4679
4679 3070
4679
4678 3070
3070
4678 3071
3071
4678 3072
3072
4678 3072
4678
4678 3072
4678
4678 3072
3072
4678 3073
4678
4678 3073
4678
4678 3073
4678
4678 3073
3073
4678 3074
4678
4677 3074
3074
4677 3075
3075
4677 3075
3075
4677 3075
3075
4677 3075
4677
4677 3075
3075
4677 3075
3075
4677 3075
4677
4677 3075
3075
4677 3075
3075
4677 3075
3075
4677 3076
3076
4677 3076
4677
4676 3076
4676
4676 3076
3076
4676 3076
3076
4676 3077
4676
4675 3077
3077
4675 3078
3078
4675 3079
3079
4675 3079
3079
4675 3080
3080
4675 3080
3080
4675 3080
4675
4675 3080
3080
4675 3080
3080
4675 3080
3080
4675 3081
4675
4675 3081
3081
4675 3081
4675
4675 3081
4675
4674 3081
3081
4674 3081
3081
4674 3082
4674
4674 3082
3082
4674 3083
4674
4673 3083
4673
4673 3083
4673
4673 3083
3083
4673 3084
4673
4673 3084
4673
4673 3084
4673
4673 3084
3084
4673 3085
3085
4673 3086
3086
4673 3087
4673
4673 3087
4673
4672 3087
4672
4672 3087
3087
4672 3088
3088
4672 3088
4672
4672 3088
4672
4672 3088
3088
4672 3089
3089
4672 3090
4672
4672 3090
3090
4672 3091
3091
4672 3091
4672
4671 3091
4671
4671 3091
3091
4671 3092
4671
4671 3092
4671
4671 3092
3092
4671 3092
4671
4671 3092
3092
4671 3093
3093
4671 3093
3093
4671 3094
3094
4671 3095
3095
4671 3096
4671
4670 3096
3096
4670 3097
3097
4670 3097
4670
4670 3097
3097
4670 3097
4670
4670 3097
3097
4670 3097
4670
4670 3097
3097
4670 3098
4670
4669 3098
4669
4669 3098
3098
4669 3099
4669
4669 3099
3099
4669 3100
4669
4669 3100
4669
4669 3100
4669
4668 3100
4668
4668 3100
4668
4668 3100
3100
4668 3101
4668
4668 3101
3101
4668 3101
4668
4667 3101
4667
4667 3101
4667
4667 3101
3101
4667 3101
4667
4667 3101
3101
4667 3101
4667
4667 3101
3101
4667 3102
3102
4667 3103
3103
4667 3103
3103
4667 3103
4667
4667 3103
3103
4667 3104
4667
4667 3104
3104
4667 3104
3104
4667 3104
4667
4666 3104
3104
4666 3104
4666
4666 3104
3104
4666 3105
4666
4666 3105
4666
4666 3105
3105
4666 3106
3106
4666 3107
3107
4666 3108
3108
4666 3109
3109
4666 3110
4666
4666 3110
3110
4666 3111
3111
4666 3111
3111
4666 3111
3111
4666 3112
3112
4666 3113
3113
4666 3113
4666
4666 3113
3113
4666 3114
3114
4666 3115
3115
4666 3116
3116
4666 3116
4666
4666 3116
4666
4665 3116
4665
4665 3116
4665
4665 3116
3116
4665 3116
3116
4665 3117
3117
4665 3118
3118
4665 3118
3118
4665 3119
3119
4665 3120
3120
4665 3121
4665
4665 3121
3121
4665 3122
4665
4665 3122
4665
4665 3122
4665
4665 3122
3122
4665 3122
4665
4665 3122
4665
4664 3122
3122
4664 3123
3123
4664 3123
4664
4664 3123
4664
4664 3123
3123
4664 3124
3124
4664 3124
3124
4664 3124
4664
4664 3124
4664
4664 3124
3124
4664 3125
4664
4664 3125
4664
4663 3125
3125
4663 3126
3126
4663 3126
4663
4663 3126
4663
4663 3126
4663
4663 3126
4663
4663 3126
4663
4663 3126
4663
4663 3126
4663
4663 3126
3126
4663 3126
3126
4663 3127
4663
4663 3127
3127
4663 3127
4663
4663 3127
3127
4663 3128
3128
4663 3129
3129
4663 3130
4663
4663 3130
3130
4663 3131
4663
4662 3131
3131
4662 3131
3131
4662 3131
4662
4662 3131
4662
4662 3131
4662
4662 3131
3131
4662 3132
4662
4662 3132
4662
4662 3132
3132
4662 3133
3133
4662 3134
4662
4662 3134
4662
4662 3134
4662
4662 3134
4662
4661 3134
3134
4661 3134
3134
4661 3135
4661
4661 3135
3135
4661 3136
4661
4661 3136
3136
4661 3137
4661
4661 3137
3137
4661 3138
3138
4661 3138
3138
4661 3138
3138
4661 3138
4661
4661 3138
3138
4661 3138
3138
4661 3139
4661
4661 3139
3139
4661 3140
3140
4661 3140
3140
4661 3141
3141
4661 3142
3142
4661 3142
3142
4661 3143
3143
4661 3143
4661
4661 3143
3143
4661 3144
4661
4661 3144
4661
4661 3144
3144
4661 3145
3145
4661 3146
4661
4660 3146
3146
4660 3147
3147
4660 3147
4660
4660 3147
4660
4660 3147
4660
4659 3147
4659
4659 3147
3147
4659 3148
3148
4659 3148
4659
4659 3148
3148
4659 3148
4659
4659 3148
3148
4659 3149
3149
4659 3150
4659
4658 3150
3150
4658 3151
4658
4658 3151
3151
4658 3151
3151
4658 3151
3151
4658 3151
3151
4658 3152
3152
4658 3152
3152
4658 3153
4658
4658 3153
3153
4658 3154
3154
4658 3155
3155
4658 3156
4658
4658 3156
3156
4658 3157
3157
4658 3158
4658
4658 3158
3158
4658 3159
3159
4658 3160
4658
4658 3160
4658
4658 3160
3160
4658 3161
4658
4657 3161
3161
4657 3162
4657
4657 3162
4657
4657 3162
3162
4657 3162
3162
4657 3163
3163
4657 3163
3163
4657 3164
4657
4657 3164
3164
4657 3165
4657
4657 3165
3165
4657 3165
4657
4657 3165
3165
4657 3166
3166
4657 3166
3166
4657 3166
3166
4657 3167
3167
4657 3167
3167
4657 3168
3168
4657 3169
3169
4657 3169
3169
4657 3169
4657
4657 3169
3169
4657 3170
3170
4657 3171
3171
4657 3172
4657
4656 3172
4656
4656 3172
3172
4656 3172
3172
4656 3172
4656
4656 3172
4656
4656 3172
3172
4656 3172
3172
4656 3172
4656
4655 3172
4655
4655 3172
3172
4655 3173
3173
4655 3173
4655
4655 3173
4655
4654 3173
3173
4654 3173
4654
4654 3173
4654
4654 3173
3173
4654 3173
4654
4654 3173
3173
4654 3174
4654
4653 3174
3174
4653 3174
4653
4653 3174
4653
4653 3174
3174
4653 3174
4653
4653 3174
3174
4653 3175
4653
4653 3175
3175
4653 3175
3175
4653 3175
4653
4653 3175
3175
4653 3175
3175
4653 3175
4653
4653 3175
3175
4653 3176
3176
4653 3177
3177
4653 3178
3178
4653 3179
3179
4653 3180
3180
4653 3180
4653
4653 3180
4653
4652 3180
3180
4652 3181
3181
4652 3182
3182
4652 3183
4652
4652 3183
3183
4652 3183
4652
4652 3183
4652
4652 3183
3183
4652 3183
3183
4652 3183
4652
4651 3183
4651
4651 3183
3183
4651 3184
4651
4651 3184
3184
4651 3185
3185
4651 3186
4651
4651 3186
4651
4651 3186
4651
4651 3186
3186
4651 3186
3186
4651 3186
3186
4651 3187
4651
4651 3187
4651
4651 3187
3187
4651 3187
4651
4650 3187
4650
4650 3187
4650
4650 3187
4650
4650 3187
3187
4650 3188
4650
4650 3188
4650
4650 3188
3188
4650 3189
3189
4650 3190
3190
4650 3191
3191
4650 3192
4650
4650 3192
3192
4650 3193
3193
4650 3194
4650
4649 3194
4649
4649 3194
3194
4649 3195
4649
4649 3195
3195
4649 3195
4649
4649 3195
4649
4648 3195
4648
4648 3195
3195
4648 3195
4648
4647 3195
3195
4647 3196
4647
4647 3196
3196
4647 3197
4647
4647 3197
4647
4647 3197
4647
4646 3197
3197
4646 3198
4646
4646 3198
4646
4646 3198
3198
4646 3198
3198
4646 3199
3199
4646 3199
3199
4646 3200
3200
4646 3200
4646
4646 3200
4646
4646 3200
3200
4646 3201
3201
4646 3201
3201
4646 3202
3202
4646 3203
3203
4646 3203
3203
4646 3204
3204
4646 3205
3205
4646 3205
3205
4646 3205
4646
4646 3205
3205
4646 3206
3206
4646 3207
4646
4646 3207
4646
4646 3207
3207
4646 3207
3207
4646 3208
3208
4646 3209
3209
4646 3210
4646
4645 3210
3210
4645 3210
3210
4645 3211
4645
4645 3211
4645
4645 3211
4645
4645 3211
4645
4645 3211
4645
4644 3211
3211
4644 3211
3211
4644 3211
3211
4644 3212
4644
4644 3212
3212
4644 3213
3213
4644 3214
4644
4644 3214
3214
4644 3215
4644
4643 3215
3215
4643 3215
3215
4643 3216
3216
4643 3217
3217
4643 3218
4643
4643 3218
4643
4643 3218
4643
4643 3218
4643
4643 3218
4643
4643 3218
4643
4643 3218
3218
4643 3219
4643
4643 3219
3219
4643 3220
3220
4643 3220
3220
4643 3221
4643
4643 3221
3221
4643 3221
4643
4643 3221
4643
4643 3221
3221
4643 3221
4643
4642 3221
3221
4642 3222
4642
4642 3222
4642
4642 3222
4642
4642 3222
4642
4642 3222
3222
4642 3222
3222
4642 3223
3223
4642 3224
4642
4642 3224
3224
4642 3224
3224
4642 3225
4642
4642 3225
4642
4642 3225
4642
4642 3225
4642
4642 3225
3225
4642 3226
3226
4642 3226
4642
4642 3226
3226
4642 3227
3227
4642 3227
3227
4642 3228
4642
4641 3228
4641
4641 3228
3228
4641 3229
4641
4641 3229
4641
4641 3229
4641
4640 3229
3229
4640 3229
3229
4640 3229
4640
4640 3229
4640
4640 3229
4640
4640 3229
3229
4640 3229
4640
4639 3229
4639
4639 3229
3229
4639 3230
4639
4639 3230
3230
4639 3231
3231
4639 3231
3231
4639 3232
4639
4639 3232
3232
4639 3232
3232
4639 3233
3233
4639 3233
4639
4639 3233
4639
4639 3233
3233
4639 3233
3233
4639 3233
3233
4639 3234
4639
4639 3234
4639
4639 3234
4639
4639 3234
4639
4639 3234
3234
4639 3234
4639
4639 3234
3234
4639 3234
4639
4638 3234
3234
4638 3235
3235
4638 3236
3236
4638 3236
4638
4638 3236
3236
4638 3236
4638
4638 3236
3236
4638 3237
4638
4638 3237
3237
4638 3237
3237
4638 3238
3238
4638 3238
4638
4638 3238
3238
4638 3239
4638
4638 3239
3239
4638 3240
3240
4638 3240
3240
4638 3240
3240
4638 3240
3240
4638 3241
4638
4637 3241
3241
4637 3242
3242
4637 3242
4637
4637 3242
3242
4637 3243
3243
4637 3244
4637
4637 3244
3244
4637 3245
3245
4637 3245
4637
4637 3245
3245
4637 3246
3246
4637 3247
3247
4637 3247
4637
4637 3247
3247
4637 3247
4637
4637 3247
4637
4636 3247
4636
4636 3247
3247
4636 3247
4636
4636 3247
3247
4636 3248
3248
4636 3248
3248
4636 3248
4636
4636 3248
4636
4636 3248
4636
4636 3248
3248
4636 3248
3248
4636 3249
4636
4636 3249
3249
4636 3249
4636
4636 3249
4636
4635 3249
4635
4635 3249
4635
4635 3249
3249
4635 3249
4635
4635 3249
3249
4635 3250
4635
4635 3250
3250
4635 3250
3250
4635 3250
4635
4634 3250
4634
4634 3250
3250
4634 3251
3251
4634 3251
3251
4634 3251
4634
4634 3251
3251
4634 3252
4634
4634 3252
4634
4634 3252
3252
4634 3253
3253
4634 3253
3253
4634 3253
3253
4634 3254
3254
4634 3255
4634
4634 3255
3255
4634 3255
3255
4634 3255
3255
4634 3255
4634
4634 3255
3255
4634 3255
3255
4634 3255
3255
4634 3256
3256
4634 3257
3257
4634 3258
4634
4634 3258
4634
4634 3258
4634
4634 3258
4634
4634 3258
3258
4634 3259
4634
4634 3259
3259
4634 3259
3259
4634 3260
4634
4633 3260
3260
4633 3260
3260
4633 3261
4633
4633 3261
4633
4633 3261
4633
4633 3261
3261
4633 3261
3261
4633 3261
3261
4633 3262
3262
4633 3263
4633
4633 3263
3263
4633 3264
4633
4633 3264
4633
4633 3264
4633
4633 3264
4633
4632 3264
3264
4632 3264
3264
4632 3264
3264
4632 3264
4632
4632 3264
3264
4632 3265
3265
4632 3265
4632
4632 3265
4632
4632 3265
4632
4632 3265
4632
4632 3265
3265
4632 3265
3265
4632 3265
4632
4631 3265
4631
4631 3265
3265
4631 3265
4631
4631 3265
4631
4631 3265
3265
4631 3266
4631
4631 3266
3266
4631 3267
3267
4631 3268
3268
4631 3268
4631
4631 3268
4631
4631 3268
3268
4631 3268
4631
4631 3268
4631
4630 3268
3268
4630 3268
4630
4630 3268
4630
4630 3268
3268
4630 3269
4630
4630 3269
3269
4630 3270
4630
4630 3270
4630
4630 3270
3270
4630 3270
3270
4630 3271
4630
4630 3271
3271
4630 3271
4630
4629 3271
3271
4629 3272
3272
4629 3273
4629
4629 3273
3273
4629 3273
3273
4629 3274
3274
4629 3275
4629
4629 3275
4629
4629 3275
4629
4629 3275
3275
4629 3276
3276
4629 3277
3277
4629 3278
3278
4629 3278
3278
4629 3278
4629
4628 3278
3278
4628 3278
3278
4628 3279
4628
4628 3279
3279
4628 3280
4628
4628 3280
3280
4628 3280
3280
4628 3281
3281
4628 3281
4628
4628 3281
4628
4627 3281
4627
4627 3281
4627
4627 3281
4627
4627 3281
3281
4627 3282
3282
4627 3283
3283
4627 3284
3284
4627 3284
4627
4627 3284
4627
4627 3284
4627
4627 3284
4627
4627 3284
3284
4627 3285
3285
4627 3286
3286
4627 3286
4627
4626 3286
3286
4626 3286
3286
4626 3286
3286
4626 3287
3287
4626 3288
4626
4626 3288
3288
4626 3289
4626
4626 3289
4626
4626 3289
3289
4626 3290
3290
4626 3290
3290
4626 3291
4626
4626 3291
3291
4626 3291
3291
4626 3292
3292
4626 3293
4626
4626 3293
4626
4626 3293
3293
4626 3294
4626
4625 3294
3294
4625 3295
4625
4625 3295
4625
4625 3295
4625
4625 3295
3295
4625 3295
3295
4625 3296
3296
4625 3296
3296
4625 3297
3297
4625 3297
4625
4625 3297
4625
4625 3297
3297
4625 3298
3298
4625 3299
4625
4625 3299
4625
4625 3299
3299
4625 3300
4625
4624 3300
4624
4624 3300
3300
4624 3300
4624
4624 3300
3300
4624 3301
3301
4624 3301
4624
4623 3301
3301
4623 3302
3302
4623 3303
4623
4623 3303
3303
4623 3303
4623
4623 3303
3303
4623 3303
3303
4623 3304
3304
4623 3304
4623
4623 3304
3304
4623 3304
3304
4623 3305
3305
4623 3306
3306
4623 3307
4623
4623 3307
4623
4623 3307
4623
4623 3307
4623
4622 3307
4622
4622 3307
3307
4622 3307
4622
4622 3307
4622
4622 3307
4622
4622 3307
3307
4622 3308
3308
4622 3309
4622
4621 3309
3309
4621 3309
3309
4621 3310
4621
4621 3310
3310
4621 3310
3310
4621 3310
3310
4621 3311
4621
4621 3311
3311
4621 3311
3311
4621 3311
3311
4621 3312
3312
4621 3313
4621
4620 3313
4620
4620 3313
3313
4620 3314
3314
4620 3314
3314
4620 3314
4620
4619 3314
4619
4619 3314
3314
4619 3315
3315
4619 3315
4619
4619 3315
4619
4619 3315
4619
4618 3315
3315
4618 3316
4618
4618 3316
3316
4618 3317
3317
4618 3317
4618
4618 3317
3317
4618 3317
4618
4617 3317
4617
4617 3317
3317
4617 3317
3317
4617 3317
4617
4617 3317
3317
4617 3317
3317
4617 3318
4617
4617 3318
3318
4617 3318
3318
4617 3318
4617
4617 3318
4617
4617 3318
3318
4617 3319
3319
4617 3320
3320
4617 3321
3321
4617 3321
3321
4617 3321
4617
4617 3321
4617
4616 3321
4616
4616 3321
4616
4616 3321
4616
4616 3321
3321
4616 3322
3322
4616 3323
3323
4616 3323
3323
4616 3324
3324
4616 3324
4616
4616 3324
4616
4616 3324
3324
4616 3324
3324
4616 3324
3324
4616 3325
4616
4615 3325
4615
4615 3325
3325
4615 3325
3325
4615 3326
3326
4615 3326
4615
4614 3326
3326
4614 3326
4614
4614 3326
4614
4614 3326
4614
4614 3326
4614
4613 3326
3326
4613 3327
3327
4613 3327
3327
4613 3328
3328
4613 3328
4613
4613 3328
3328
4613 3328
3328
4613 3329
3329
4613 3329
4613
4613 3329
3329
4613 3330
4613
4613 3330
3330
4613 3330
3330
4613 3330
4613
4612 3330
3330
4612 3331
3331
4612 3331
3331
4612 3332
4612
4612 3332
4612
4612 3332
4612
4612 3332
3332
4612 3332
3332
4612 3333
3333
4612 3334
3334
4612 3334
3334
4612 3335
4612
4611 3335
3335
4611 3335
4611
4611 3335
3335
4611 3335
3335
4611 3336
4611
4611 3336
3336
4611 3336
4611
4611 3336
3336
4611 3337
3337
4611 3337
3337
4611 3337
3337
4611 3338
3338
4611 3339
4611
4611 3339
3339
4611 3339
4611
4611 3339
4611
4610 3339
4610
4610 3339
3339
4610 3339
4610
4610 3339
4610
4610 3339
3339
4610 3339
4610
4610 3339
4610
4610 3339
3339
4610 3340
3340
4610 3340
3340
4610 3341
3341
4610 3341
4610
4609 3341
4609
4609 3341
4609
4609 3341
3341
4609 3342
4609
4609 3342
4609
4609 3342
4609
4609 3342
3342
4609 3343
3343
4609 3344
4609
4609 3344
3344
4609 3344
4609
4609 3344
4609
4609 3344
3344
4609 3344
4609
4609 3344
4609
4609 3344
3344
4609 3344
4609
4608 3344
4608
4608 3344
4608
4608 3344
3344
4608 3344
4608
4607 3344
3344
4607 3345
4607
4607 3345
3345
4607 3346
4607
4607 3346
3346
4607 3347
4607
4607 3347
3347
4607 3348
4607
4607 3348
4607
4606 3348
4606
4606 3348
4606
4606 3348
3348
4606 3348
4606
4605 3348
3348
4605 3349
3349
4605 3349
4605
4605 3349
3349
4605 3350
3350
4605 3350
3350
4605 3350
3350
4605 3350
3350
4605 3350
3350
4605 3350
4605
4605 3350
4605
4605 3350
3350
4605 3350
4605
4605 3350
4605
4604 3350
3350
4604 3350
4604
4604 3350
3350
4604 3350
4604
4604 3350
4604
4604 3350
3350
4604 3350
4604
4604 3350
4604
4604 3350
3350
4604 3351
3351
4604 3352
4604
4604 3352
3352
4604 3352
4604
4603 3352
3352
4603 3352
4603
4603 3352
3352
4603 3352
3352
4603 3353
3353
4603 3353
4603
4603 3353
3353
4603 3354
4603
4603 3354
4603
4603 3354
3354
4603 3355
4603
4602 3355
3355
4602 3356
4602
4602 3356
4602
4602 3356
4602
4602 3356
4602
4602 3356
4602
4602 3356
4602
4601 3356
4601
4601 3356
4601
4601 3356
3356
4601 3356
4601
4600 3356
3356
4600 3357
4600
4600 3357
4600
4600 3357
4600
4600 3357
3357
4600 3358
3358
4600 3359
3359
4600 3359
3359
4600 3360
3360
4600 3360
4600
4600 3360
4600
4600 3360
3360
4600 3361
3361
4600 3362
3362
4600 3363
3363
4600 3364
4600
4600 3364
4600
4600 3364
3364
4600 3364
4600
4599 3364
3364
4599 3364
3364
4599 3364
4599
4599 3364
4599
4599 3364
3364
4599 3364
3364
4599 3365
3365
4599 3366
3366
4599 3367
4599
4599 3367
4599
4598 3367
4598
4598 3367
4598
4598 3367
3367
4598 3367
3367
4598 3367
3367
4598 3368
3368
4598 3369
4598
4598 3369
3369
4598 3370
3370
4598 3370
3370
4598 3371
3371
4598 3371
3371
4598 3372
4598
4597 3372
4597
4597 3372
3372
4597 3372
3372
4597 3373
3373
4597 3373
3373
4597 3374
3374
4597 3374
4597
4597 3374
3374
4597 3375
3375
4597 3375
4597
4597 3375
4597
4597 3375
4597
4597 3375
3375
4597 3375
3375
4597 3375
3375
4597 3375
3375
4597 3376
3376
4597 3377
3377
4597 3377
4597
4597 3377
4597
4597 3377
3377
4597 3377
3377
4597 3378
4597
4597 3378
4597
4597 3378
4597
4596 3378
3378
4596 3378
3378
4596 3378
3378
4596 3378
3378
4596 3379
3379
4596 3379
4596
4596 3379
3379
4596 3380
3380
4596 3380
3380
4596 3381
3381
4596 3381
4596
4596 3381
4596
4596 3381
3381
4596 3382
4596
4596 3382
3382
4596 3383
4596
4596 3383
4596
4596 3383
3383
4596 3384
4596
4596 3384
4596
4596 3384
3384
4596 3384
3384
4596 3384
3384
4596 3384
4596
4596 3384
4596
4595 3384
4595
4595 3384
3384
4595 3385
3385
4595 3386
4595
4595 3386
4595
4595 3386
3386
4595 3387
4595
4595 3387
4595
4595 3387
4595
4595 3387
3387
4595 3388
4595
4595 3388
4595
4595 3388
3388
4595 3389
3389
4595 3389
3389
4595 3389
4595
4595 3389
3389
4595 3389
4595
4594 3389
4594
4594 3389
4594
4594 3389
4594
4594 3389
3389
4594 3390
3390
4594 3390
3390
4594 3390
4594
4593 3390
3390
4593 3390
4593
4593 3390
4593
4593 3390
4593
4592 3390
3390
4592 3391
4592
4592 3391
3391
4592 3391
4592
4592 3391
3391
4592 3391
3391
4592 3392
3392
4592 3392
3392
4592 3392
3392
4592 3393
4592
4591 3393
4591
4591 3393
4591
4591 3393
4591
4591 3393
3393
4591 3393
4591
4591 3393
4591
4591 3393
3393
4591 3393
4591
4590 3393
4590
4590 3393
3393
4590 3393
4590
4590 3393
4590
4590 3393
4590
4590 3393
3393
4590 3394
3394
4590 3394
3394
4590 3394
3394
4590 3395
3395
4590 3395
4590
4590 3395
4590
4589 3395
3395
4589 3396
4589
4589 3396
4589
4589 3396
4589
4588 3396
3396
4588 3396
3396
4588 3397
3397
4588 3398
4588
4588 3398
4588
4588 3398
4588
4588 3398
3398
4588 3398
4588
4588 3398
4588
4588 3398
4588
4587 3398
4587
4587 3398
4587
4587 3398
3398
4587 3399
4587
4587 3399
4587
4586 3399
3399
4586 3400
4586
4586 3400
3400
4586 3400
4586
4586 3400
4586
4586 3400
3400
4586 3401
4586
4585 3401
4585
4585 3401
4585
4585 3401
4585
4585 3401
3401
4585 3402
4585
4585 3402
3402
4585 3403
3403
4585 3403
4585
4585 3403
3403
4585 3403
3403
4585 3404
3404
4585 3405
4585
4585 3405
4585
4584 3405
3405
4584 3405
4584
4584 3405
3405
4584 3406
3406
4584 3407
4584
4584 3407
4584
4584 3407
4584
4584 3407
3407
4584 3407
4584
4583 3407
4583
4583 3407
3407
4583 3407
3407
4583 3407
3407
4583 3407
4583
4583 3407
4583
4582 3407
4582
4582 3407
3407
4582 3407
4582
4582 3407
3407
4582 3408
3408
4582 3409
3409
4582 3409
3409
4582 3409
4582
4582 3409
3409
4582 3409
4582
4582 3409
3409
4582 3410
4582
4581 3410
3410
4581 3411
4581
4581 3411
4581
4581 3411
4581
4581 3411
3411
4581 3411
4581
4581 3411
4581
4581 3411
3411
4581 3411
3411
4581 3411
3411
4581 3412
4581
4580 3412
3412
4580 3413
3413
4580 3414
4580
4580 3414
3414
4580 3415
4580
4580 3415
4580
4580 3415
3415
4580 3416
4580
4580 3416
4580
4579 3416
3416
4579 3416
4579
4579 3416
3416
4579 3417
3417
4579 3418
3418
4579 3419
3419
4579 3420
3420
4579 3421
4579
4579 3421
4579
4579 3421
4579
4579 3421
4579
4579 3421
3421
4579 3422
3422
4579 3423
4579
4579 3423
4579
4579 3423
3423
4579 3424
4579
4579 3424
4579
4578 3424
4578
4578 3424
3424
4578 3425
4578
4577 3425
3425
4577 3425
3425
4577 3426
4577
4577 3426
3426
4577 3427
4577
4577 3427
4577
4577 3427
3427
4577 3428
4577
4577 3428
4577
4576 3428
4576
4576 3428
4576
4576 3428
3428
4576 3429
3429
4576 3429
3429
4576 3430
4576
4576 3430
3430
4576 3430
3430
4576 3430
3430
4576 3430
3430
4576 3430
4576
4575 3430
3430
4575 3431
3431
4575 3432
4575
4575 3432
4575
4575 3432
3432
4575 3433
3433
4575 3434
3434
4575 3434
3434
4575 3434
3434
4575 3434
3434
4575 3435
3435
4575 3436
3436
4575 3436
3436
4575 3437
4575
4575 3437
3437
4575 3438
3438
4575 3438
3438
4575 3438
4575
4575 3438
3438
4575 3438
4575
4575 3438
3438
4575 3438
3438
4575 3439
3439
4575 3439
3439
4575 3439
4575
4575 3439
4575
4575 3439
4575
4574 3439
4574
4574 3439
3439
4574 3440
3440
4574 3441
4574
4574 3441
3441
4574 3441
4574
4574 3441
4574
4574 3441
3441
4574 3442
4574
4574 3442
3442
4574 3442
3442
4574 3442
3442
4574 3442
3442
4574 3443
3443
4574 3444
4574
4574 3444
3444
4574 3444
4574
4574 3444
4574
4574 3444
3444
4574 3444
4574
4574 3444
3444
4574 3445
3445
4574 3445
3445
4574 3445
4574
4574 3445
4574
4574 3445
4574
4574 3445
4574
4574 3445
3445
4574 3445
4574
4574 3445
4574
4574 3445
3445
4574 3445
4574
4574 3445
3445
4574 3446
4574
4574 3446
4574
4574 3446
3446
4574 3446
3446
4574 3446
4574
4574 3446
4574
4574 3446
3446
4574 3447
3447
4574 3447
4574
4573 3447
4573
4573 3447
4573
4573 3447
4573
4573 3447
3447
4573 3447
3447
4573 3448
3448
4573 3449
4573
4572 3449
4572
4572 3449
3449
4572 3449
4572
4572 3449
4572
4572 3449
4572
4572 3449
4572
4572 3449
3449
4572 3449
3449
4572 3449
3449
4572 3450
4572
4571 3450
4571
4571 3450
3450
4571 3450
4571
4571 3450
3450
4571 3451
4571
4571 3451
3451
4571 3452
4571
4570 3452
4570
4570 3452
4570
4570 3452
3452
4570 3452
3452
4570 3453
3453
4570 3454
3454
4570 3454
3454
4570 3455
3455
4570 3455
3455
4570 3456
4570
4569 3456
3456
4569 3457
3457
4569 3457
4569
4569 3457
3457
4569 3458
3458
4569 3459
4569
4569 3459
3459
4569 3459
4569
4569 3459
4569
4569 3459
3459
4569 3460
4569
4569 3460
3460
4569 3461
3461
4569 3462
3462
4569 3463
4569
4569 3463
3463
4569 3463
3463
4569 3464
4569
4569 3464
4569
4568 3464
4568
4568 3464
3464
4568 3465
3465
4568 3466
3466
4568 3466
4568
4568 3466
4568
4568 3466
4568
4568 3466
4568
4568 3466
4568
4568 3466
4568
4568 3466
4568
4568 3466
4568
4567 3466
4567
4567 3466
3466
4567 3467
4567
4567 3467
4567
4567 3467
4567
4567 3467
3467
4567 3467
4567
4567 3467
3467
4567 3468
4567
4567 3468
3468
4567 3469
3469
4567 3470
3470
4567 3470
4567
4566 3470
4566
4566 3470
3470
4566 3470
3470
4566 3471
4566
4566 3471
4566
4566 3471
3471
4566 3471
3471
4566 3471
4566
4566 3471
4566
4566 3471
3471
4566 3472
3472
4566 3473
3473
4566 3473
4566
4566 3473
4566
4566 3473
4566
4565 3473
3473
4565 3474
4565
4565 3474
3474
4565 3475
3475
4565 3476
3476
4565 3476
4565
4565 3476
4565
4565 3476
3476
4565 3476
3476
4565 3477
3477
4565 3478
3478
4565 3478
4565
4565 3478
4565
4565 3478
4565
4565 3478
3478
4565 3479
4565
4565 3479
3479
4565 3479
3479
4565 3479
3479
4565 3480
4565
4564 3480
3480
4564 3480
4564
4564 3480
3480
4564 3480
3480
4564 3481
3481
4564 3481
4564
4564 3481
4564
4564 3481
4564
4564 3481
4564
4564 3481
3481
4564 3481
4564
4564 3481
3481
4564 3481
4564
4564 3481
3481
4564 3481
3481
4564 3482
3482
4564 3483
4564
4564 3483
3483
4564 3484
4564
4563 3484
3484
4563 3485
3485
4563 3485
3485
4563 3486
4563
4563 3486
3486
4563 3486
3486
4563 3486
3486
4563 3486
3486
4563 3487
4563
4563 3487
4563
4563 3487
3487
4563 3488
3488
4563 3489
3489
4563 3489
3489
4563 3490
3490
4563 3490
4563
4563 3490
3490
4563 3491
4563
4563 3491
4563
4562 3491
4562
4562 3491
3491
4562 3492
3492
4562 3493
4562
4562 3493
4562
4562 3493
3493
4562 3494
3494
4562 3495
3495
4562 3496
3496
4562 3496
3496
4562 3496
4562
4562 3496
3496
4562 3497
3497
4562 3498
3498
4562 3499
4562
4562 3499
3499
4562 3500
3500
4562 3500
4562
4562 3500
3500
4562 3501
3501
4562 3502
4562
4561 3502
4561
4561 3502
3502
4561 3502
4561
4561 3502
4561
4561 3502
4561
4561 3502
3502
4561 3503
3503
4561 3504
4561
4560 3504
3504
4560 3505
3505
4560 3505
4560
4560 3505
3505
4560 3505
3505
4560 3506
3506
4560 3506
3506
4560 3506
3506
4560 3506
4560
4560 3506
3506
4560 3507
3507
4560 3508
4560
4560 3508
3508
4560 3509
3509
4560 3509
3509
4560 3509
4560
4560 3509
3509
4560 3510
4560
4560 3510
4560
4560 3510
3510
4560 3511
3511
4560 3512
4560
4560 3512
4560
4560 3512
3512
4560 3513
3513
4560 3514
3514
4560 3515
3515
4560 3515
4560
4560 3515
4560
4560 3515
4560
4560 3515
3515
4560 3515
3515
4560 3515
3515
4560 3516
4560
4559 3516
4559
4559 3516
3516
4559 3517
4559
4559 3517
4559
4559 3517
3517
4559 3517
4559
4559 3517
4559
4559 3517
3517
4559 3517
3517
4559 3518
3518
4559 3519
3519
4559 3519
3519
4559 3519
3519
4559 3519
4559
4559 3519
4559
4559 3519
4559
4559 3519
4559
4559 3519
4559
4559 3519
3519
4559 3519
4559
4559 3519
3519
4559 3519
3519
4559 3519
4559
4559 3519
4559
4559 3519
3519
4559 3519
3519
4559 3520
3520
4559 3520
3520
4559 3520
3520
4559 3520
3520
4559 3521
3521
4559 3522
4559
4558 3522
3522
4558 3523
4558
4558 3523
3523
4558 3524
4558
4558 3524
3524
4558 3525
4558
4558 3525
4558
4558 3525
3525
4558 3526
3526
4558 3526
4558
4558 3526
4558
4558 3526
3526
4558 3526
4558
4558 3526
3526
4558 3526
4558
4558 3526
3526
4558 3527
4558
4558 3527
3527
4558 3527
4558
4557 3527
4557
4557 3527
4557
4557 3527
4557
4557 3527
3527
4557 3527
4557
4557 3527
4557
4557 3527
4557
4557 3527
3527
4557 3528
4557
4557 3528
4557
4557 3528
3528
4557 3529
3529
4557 3529
3529
4557 3529
3529
4557 3530
3530
4557 3530
3530
4557 3530
3530
4557 3531
4557
4557 3531
4557
4557 3531
4557
4557 3531
4557
4556 3531
4556
4556 3531
4556
4556 3531
3531
4556 3532
4556
4556 3532
4556
4555 3532
3532
4555 3533
3533
4555 3534
4555
4555 3534
3534
4555 3534
3534
4555 3535
3535
4555 3536
3536
4555 3536
4555
4555 3536
3536
4555 3537
4555
4554 3537
3537
4554 3537
4554
4554 3537
4554
4554 3537
4554
4554 3537
4554
4554 3537
4554
4554 3537
4554
4553 3537
3537
4553 3538
3538
4553 3538
3538
4553 3539
3539
4553 3539
4553
4553 3539
4553
4553 3539
3539
4553 3539
3539
4553 3540
3540
4553 3540
4553
4553 3540
3540
4553 3540
3540
4553 3540
4553
4553 3540
3540
4553 3541
3541
4553 3541
3541
4553 3542
4553
4553 3542
3542
4553 3543
3543
4553 3543
3543
4553 3544
4553
4553 3544
3544
4553 3545
3545
4553 3546
3546
4553 3546
4553
4552 3546
3546
4552 3547
4552
4552 3547
3547
4552 3547
4552
4552 3547
4552
4552 3547
4552
4552 3547
3547
4552 3547
3547
4552 3548
4552
4552 3548
3548
4552 3548
3548
4552 3549
4552
4552 3549
3549
4552 3550
3550
4552 3550
3550
4552 3550
3550
4552 3550
3550
4552 3550
3550
4552 3551
3551
4552 3551
3551
4552 3552
3552
4552 3553
3553
4552 3553
4552
4551 3553
3553
4551 3554
3554
4551 3554
3554
4551 3555
4551
4551 3555
4551
4551 3555
4551
4551 3555
4551
4551 3555
3555
4551 3556
3556
4551 3557
3557
4551 3558
4551
4551 3558
3558
4551 3558
4551
4551 3558
4551
4550 3558
3558
4550 3558
3558
4550 3559
3559
4550 3559
4550
4550 3559
3559
4550 3559
3559
4550 3560
4550
4550 3560
3560
4550 3560
4550
4549 3560
4549
4549 3560
4549
4549 3560
3560
4549 3560
4549
4549 3560
3560
4549 3560
3560
4549 3560
4549
4549 3560
4549
4548 3560
4548
4548 3560
3560
4548 3561
3561
4548 3562
3562
4548 3563
3563
4548 3564
4548
4548 3564
3564
4548 3564
3564
4548 3564
4548
4548 3564
3564
4548 3565
4548
4548 3565
4548
4548 3565
3565
4548 3565
4548
4547 3565
3565
4547 3566
3566
4547 3567
4547
4547 3567
4547
4547 3567
4547
4547 3567
4547
4547 3567
3567
4547 3567
4547
4547 3567
3567
4547 3567
4547
4547 3567
4547
4547 3567
4547
4547 3567
3567
4547 3568
3568
4547 3569
4547
4547 3569
3569
4547 3570
4547
4546 3570
3570
4546 3571
3571
4546 3571
3571
4546 3572
3572
4546 3572
4546
4546 3572
3572
4546 3572
4546
4546 3572
4546
4545 3572
3572
4545 3573
4545
4545 3573
3573
4545 3573
4545
4545 3573
4545
4545 3573
3573
4545 3574
4545
4545 3574
3574
4545 3575
4545
4545 3575
4545
4544 3575
3575
4544 3576
4544
4544 3576
3576
4544 3577
3577
4544 3578
4544
4544 3578
3578
4544 3578
4544
4544 3578
3578
4544 3579
3579
4544 3580
3580
4544 3581
4544
4544 3581
4544
4544 3581
4544
4544 3581
3581
4544 3582
3582
4544 3583
3583
4544 3584
3584
4544 3585
4544
4543 3585
3585
4543 3586
3586
4543 3587
4543
4543 3587
4543
4543 3587
4543
4543 3587
4543
4543 3587
4543
4543 3587
4543
4543 3587
3587
4543 3588
3588
4543 3589
3589
4543 3589
4543
4542 3589
4542
4542 3589
4542
4542 3589
3589
4542 3590
3590
4542 3590
3590
4542 3590
3590
4542 3591
4542
4542 3591
3591
4542 3591
3591
4542 3592
3592
4542 3593
4542
4542 3593
4542
4542 3593
4542
4542 3593
3593
4542 3593
3593
4542 3593
4542
4542 3593
4542
4542 3593
3593
4542 3593
4542
4541 3593
4541
4541 3593
3593
4541 3593
4541
4541 3593
3593
4541 3593
4541
4541 3593
3593
4541 3594
4541
4541 3594
4541
4541 3594
4541
4541 3594
4541
4541 3594
3594
4541 3594
3594
4541 3594
3594
4541 3595
4541
4540 3595
4540
4540 3595
3595
4540 3596
4540
4540 3596
4540
4540 3596
3596
4540 3596
3596
4540 3597
3597
4540 3597
3597
4540 3598
3598
4540 3599
4540
4539 3599
4539
4539 3599
4539
4539 3599
3599
4539 3600
4539
4539 3600
3600
4539 3601
4539
4539 3601
3601
4539 3601
3601
4539 3602
3602
4539 3603
3603
4539 3604
3604
4539 3604
4539
4539 3604
4539
4539 3604
4539
4539 3604
3604
4539 3605
3605
4539 3606
3606
4539 3607
3607
4539 3608
4539
4539 3608
4539
4538 3608
3608
4538 3608
4538
4538 3608
4538
4538 3608
3608
4538 3609
3609
4538 3610
3610
4538 3611
4538
4538 3611
4538
4537 3611
4537
4537 3611
4537
4537 3611
3611
4537 3611
4537
4537 3611
4537
4537 3611
3611
4537 3611
3611
4537 3611
4537
4537 3611
3611
4537 3612
4537
4536 3612
4536
4536 3612
3612
4536 3612
4536
4536 3612
3612
4536 3612
3612
4536 3612
3612
4536 3613
4536
4536 3613
3613
4536 3614
3614
4536 3615
4536
4536 3615
4536
4536 3615
3615
4536 3615
4536
4536 3615
3615
4536 3616
4536
4536 3616
4536
4535 3616
4535
4535 3616
4535
4535 3616
3616
4535 3617
4535
4535 3617
3617
4535 3618
4535
4535 3618
3618
4535 3619
3619
4535 3619
3619
4535 3620
3620
4535 3620
3620
4535 3621
3621
4535 3622
4535
4535 3622
3622
4535 3623
