10000
9999 2226
9999
9998 2226
9998
9997 2226
9997
9996 2226
9996
9995 2226
9995
9994 2226
9994
9993 2226
9993
9992 2226
9992
9991 2226
9991
9990 2226
9990
9989 2226
9989
9988 2226
9988
9987 2226
9987
9986 2226
9986
9985 2226
9985
9984 2226
9984
9983 2226
9983
9982 2226
9982
9981 2226
9981
9980 2226
9980
9979 2226
9979
9978 2226
9978
9977 2226
9977
9976 2226
9976
9975 2226
9975
9974 2226
9974
9973 2226
9973
9972 2226
9972
9971 2226
9971
9970 2226
9970
9969 2226
9969
9968 2226
9968
9967 2226
9967
9966 2226
9966
9965 2226
9965
9964 2226
9964
9963 2226
9963
9962 2226
9962
9961 2226
9961
9960 2226
9960
9959 2226
9959
9958 2226
9958
9957 2226
9957
9956 2226
9956
9955 2226
9955
9954 2226
9954
9953 2226
9953
9952 2226
9952
9951 2226
9951
9950 2226
9950
9949 2226
9949
9948 2226
9948
9947 2226
9947
9946 2226
9946
9945 2226
9945
9944 2226
9944
9943 2226
9943
9942 2226
9942
9941 2226
9941
9940 2226
9940
9939 2226
9939
9938 2226
9938
9937 2226
9937
9936 2226
9936
9935 2226
9935
9934 2226
9934
9933 2226
9933
9932 2226
9932
9931 2226
9931
9930 2226
9930
9929 2226
9929
9928 2226
9928
9927 2226
9927
9926 2226
9926
9925 2226
9925
9924 2226
9924
9923 2226
9923
9922 2226
9922
9921 2226
9921
9920 2226
9920
9919 2226
9919
9918 2226
9918
9917 2226
9917
9916 2226
9916
9915 2226
9915
9914 2226
9914
9913 2226
9913
9912 2226
9912
9911 2226
9911
9910 2226
9910
9909 2226
9909
9908 2226
9908
9907 2226
9907
9906 2226
9906
9905 2226
9905
9904 2226
9904
9903 2226
9903
9902 2226
9902
9901 2226
9901
9900 2226
9900
9899 2226
9899
9898 2226
9898
9897 2226
9897
9896 2226
9896
9895 2226
9895
9894 2226
9894
9893 2226
9893
9892 2226
9892
9891 2226
9891
9890 2226
9890
9889 2226
9889
9888 2226
9888
9887 2226
9887
9886 2226
9886
9885 2226
9885
9884 2226
9884
9883 2226
9883
9882 2226
9882
9881 2226
9881
9880 2226
9880
9879 2226
9879
9878 2226
9878
9877 2226
9877
9876 2226
9876
9875 2226
9875
9874 2226
9874
9873 2226
9873
9872 2226
9872
9871 2226
9871
9870 2226
9870
9869 2226
9869
9868 2226
9868
9867 2226
9867
9866 2226
9866
9865 2226
9865
9864 2226
9864
9863 2226
9863
9862 2226
9862
9861 2226
9861
9860 2226
9860
9859 2226
9859
9858 2226
9858
9857 2226
9857
9856 2226
9856
9855 2226
9855
9854 2226
9854
9853 2226
9853
9852 2226
9852
9851 2226
9851
9850 2226
9850
9849 2226
9849
9848 2226
9848
9847 2226
9847
9846 2226
9846
9845 2226
9845
9844 2226
9844
9843 2226
9843
9842 2226
9842
9841 2226
9841
9840 2226
9840
9839 2226
9839
9838 2226
9838
9837 2226
9837
9836 2226
9836
9835 2226
9835
9834 2226
9834
9833 2226
9833
9832 2226
9832
9831 2226
9831
9830 2226
9830
9829 2226
9829
9828 2226
9828
9827 2226
9827
9826 2226
9826
9825 2226
9825
9824 2226
9824
9823 2226
9823
9822 2226
9822
9821 2226
9821
9820 2226
9820
9819 2226
9819
9818 2226
9818
9817 2226
9817
9816 2226
9816
9815 2226
9815
9814 2226
9814
9813 2226
9813
9812 2226
9812
9811 2226
9811
9810 2226
9810
9809 2226
9809
9808 2226
9808
9807 2226
9807
9806 2226
9806
9805 2226
9805
9804 2226
9804
9803 2226
9803
9802 2226
9802
9801 2226
9801
9800 2226
9800
9799 2226
9799
9798 2226
9798
9797 2226
9797
9796 2226
9796
9795 2226
9795
9794 2226
9794
9793 2226
9793
9792 2226
9792
9791 2226
9791
9790 2226
9790
9789 2226
9789
9788 2226
9788
9787 2226
9787
9786 2226
9786
9785 2226
9785
9784 2226
9784
9783 2226
9783
9782 2226
9782
9781 2226
9781
9780 2226
9780
9779 2226
9779
9778 2226
9778
9777 2226
9777
9776 2226
9776
9775 2226
9775
9774 2226
9774
9773 2226
9773
9772 2226
9772
9771 2226
9771
9770 2226
9770
9769 2226
9769
9768 2226
9768
9767 2226
9767
9766 2226
9766
9765 2226
9765
9764 2226
9764
9763 2226
9763
9762 2226
9762
9761 2226
9761
9760 2226
9760
9759 2226
9759
9758 2226
9758
9757 2226
9757
9756 2226
9756
9755 2226
9755
9754 2226
9754
9753 2226
9753
9752 2226
9752
9751 2226
9751
9750 2226
9750
9749 2226
9749
9748 2226
9748
9747 2226
9747
9746 2226
9746
9745 2226
9745
9744 2226
9744
9743 2226
9743
9742 2226
9742
9741 2226
9741
9740 2226
9740
9739 2226
9739
9738 2226
9738
9737 2226
9737
9736 2226
9736
9735 2226
9735
9734 2226
9734
9733 2226
9733
9732 2226
9732
9731 2226
9731
9730 2226
9730
9729 2226
9729
9728 2226
9728
9727 2226
9727
9726 2226
9726
9725 2226
9725
9724 2226
9724
9723 2226
9723
9722 2226
9722
9721 2226
9721
9720 2226
9720
9719 2226
9719
9718 2226
9718
9717 2226
9717
9716 2226
9716
9715 2226
9715
9714 2226
9714
9713 2226
9713
9712 2226
9712
9711 2226
9711
9710 2226
9710
9709 2226
9709
9708 2226
9708
9707 2226
9707
9706 2226
9706
9705 2226
9705
9704 2226
9704
9703 2226
9703
9702 2226
9702
9701 2226
9701
9700 2226
9700
9699 2226
9699
9698 2226
9698
9697 2226
9697
9696 2226
9696
9695 2226
9695
9694 2226
9694
9693 2226
9693
9692 2226
9692
9691 2226
9691
9690 2226
9690
9689 2226
9689
9688 2226
9688
9687 2226
9687
9686 2226
9686
9685 2226
9685
9684 2226
9684
9683 2226
9683
9682 2226
9682
9681 2226
9681
9680 2226
9680
9679 2226
9679
9678 2226
9678
9677 2226
9677
9676 2226
9676
9675 2226
9675
9674 2226
9674
9673 2226
9673
9672 2226
9672
9671 2226
9671
9670 2226
9670
9669 2226
9669
9668 2226
9668
9667 2226
9667
9666 2226
9666
9665 2226
9665
9664 2226
9664
9663 2226
9663
9662 2226
9662
9661 2226
9661
9660 2226
9660
9659 2226
9659
9658 2226
9658
9657 2226
9657
9656 2226
9656
9655 2226
9655
9654 2226
9654
9653 2226
9653
9652 2226
9652
9651 2226
9651
9650 2226
9650
9649 2226
9649
9648 2226
9648
9647 2226
9647
9646 2226
9646
9645 2226
9645
9644 2226
9644
9643 2226
9643
9642 2226
9642
9641 2226
9641
9640 2226
9640
9639 2226
9639
9638 2226
9638
9637 2226
9637
9636 2226
9636
9635 2226
9635
9634 2226
9634
9633 2226
9633
9632 2226
9632
9631 2226
9631
9630 2226
9630
9629 2226
9629
9628 2226
9628
9627 2226
9627
9626 2226
9626
9625 2226
9625
9624 2226
9624
9623 2226
9623
9622 2226
9622
9621 2226
9621
9620 2226
9620
9619 2226
9619
9618 2226
9618
9617 2226
9617
9616 2226
9616
9615 2226
9615
9614 2226
9614
9613 2226
9613
9612 2226
9612
9611 2226
9611
9610 2226
9610
9609 2226
9609
9608 2226
9608
9607 2226
9607
9606 2226
9606
9605 2226
9605
9604 2226
9604
9603 2226
9603
9602 2226
9602
9601 2226
9601
9600 2226
9600
9599 2226
9599
9598 2226
9598
9597 2226
9597
9596 2226
9596
9595 2226
9595
9594 2226
9594
9593 2226
9593
9592 2226
9592
9591 2226
9591
9590 2226
9590
9589 2226
9589
9588 2226
9588
9587 2226
9587
9586 2226
9586
9585 2226
9585
9584 2226
9584
9583 2226
9583
9582 2226
9582
9581 2226
9581
9580 2226
9580
9579 2226
9579
9578 2226
9578
9577 2226
9577
9576 2226
9576
9575 2226
9575
9574 2226
9574
9573 2226
9573
9572 2226
9572
9571 2226
9571
9570 2226
9570
9569 2226
9569
9568 2226
9568
9567 2226
9567
9566 2226
9566
9565 2226
9565
9564 2226
9564
9563 2226
9563
9562 2226
9562
9561 2226
9561
9560 2226
9560
9559 2226
9559
9558 2226
9558
9557 2226
9557
9556 2226
9556
9555 2226
9555
9554 2226
9554
9553 2226
9553
9552 2226
9552
9551 2226
9551
9550 2226
9550
9549 2226
9549
9548 2226
9548
9547 2226
9547
9546 2226
9546
9545 2226
9545
9544 2226
9544
9543 2226
9543
9542 2226
9542
9541 2226
9541
9540 2226
9540
9539 2226
9539
9538 2226
9538
9537 2226
9537
9536 2226
9536
9535 2226
9535
9534 2226
9534
9533 2226
9533
9532 2226
9532
9531 2226
9531
9530 2226
9530
9529 2226
9529
9528 2226
9528
9527 2226
9527
9526 2226
9526
9525 2226
9525
9524 2226
9524
9523 2226
9523
9522 2226
9522
9521 2226
9521
9520 2226
9520
9519 2226
9519
9518 2226
9518
9517 2226
9517
9516 2226
9516
9515 2226
9515
9514 2226
9514
9513 2226
9513
9512 2226
9512
9511 2226
9511
9510 2226
9510
9509 2226
9509
9508 2226
9508
9507 2226
9507
9506 2226
9506
9505 2226
9505
9504 2226
9504
9503 2226
9503
9502 2226
9502
9501 2226
9501
9500 2226
9500
9499 2226
9499
9498 2226
9498
9497 2226
9497
9496 2226
9496
9495 2226
9495
9494 2226
9494
9493 2226
9493
9492 2226
9492
9491 2226
9491
9490 2226
9490
9489 2226
9489
9488 2226
9488
9487 2226
9487
9486 2226
9486
9485 2226
9485
9484 2226
9484
9483 2226
9483
9482 2226
9482
9481 2226
9481
9480 2226
9480
9479 2226
9479
9478 2226
9478
9477 2226
9477
9476 2226
9476
9475 2226
9475
9474 2226
9474
9473 2226
9473
9472 2226
9472
9471 2226
9471
9470 2226
9470
9469 2226
9469
9468 2226
9468
9467 2226
9467
9466 2226
9466
9465 2226
9465
9464 2226
9464
9463 2226
9463
9462 2226
9462
9461 2226
9461
9460 2226
9460
9459 2226
9459
9458 2226
9458
9457 2226
9457
9456 2226
9456
9455 2226
9455
9454 2226
9454
9453 2226
9453
9452 2226
9452
9451 2226
9451
9450 2226
9450
9449 2226
9449
9448 2226
9448
9447 2226
9447
9446 2226
9446
9445 2226
9445
9444 2226
9444
9443 2226
9443
9442 2226
9442
9441 2226
9441
9440 2226
9440
9439 2226
9439
9438 2226
9438
9437 2226
9437
9436 2226
9436
9435 2226
9435
9434 2226
9434
9433 2226
9433
9432 2226
9432
9431 2226
9431
9430 2226
9430
9429 2226
9429
9428 2226
9428
9427 2226
9427
9426 2226
9426
9425 2226
9425
9424 2226
9424
9423 2226
9423
9422 2226
9422
9421 2226
9421
9420 2226
9420
9419 2226
9419
9418 2226
9418
9417 2226
9417
9416 2226
9416
9415 2226
9415
9414 2226
9414
9413 2226
9413
9412 2226
9412
9411 2226
9411
9410 2226
9410
9409 2226
9409
9408 2226
9408
9407 2226
9407
9406 2226
9406
9405 2226
9405
9404 2226
9404
9403 2226
9403
9402 2226
9402
9401 2226
9401
9400 2226
9400
9399 2226
9399
9398 2226
9398
9397 2226
9397
9396 2226
9396
9395 2226
9395
9394 2226
9394
9393 2226
9393
9392 2226
9392
9391 2226
9391
9390 2226
9390
9389 2226
9389
9388 2226
9388
9387 2226
9387
9386 2226
9386
9385 2226
9385
9384 2226
9384
9383 2226
9383
9382 2226
9382
9381 2226
9381
9380 2226
9380
9379 2226
9379
9378 2226
9378
9377 2226
9377
9376 2226
9376
9375 2226
9375
9374 2226
9374
9373 2226
9373
9372 2226
9372
9371 2226
9371
9370 2226
9370
9369 2226
9369
9368 2226
9368
9367 2226
9367
9366 2226
9366
9365 2226
9365
9364 2226
9364
9363 2226
9363
9362 2226
9362
9361 2226
9361
9360 2226
9360
9359 2226
9359
9358 2226
9358
9357 2226
9357
9356 2226
9356
9355 2226
9355
9354 2226
9354
9353 2226
9353
9352 2226
9352
9351 2226
9351
9350 2226
9350
9349 2226
9349
9348 2226
9348
9347 2226
9347
9346 2226
9346
9345 2226
9345
9344 2226
9344
9343 2226
9343
9342 2226
9342
9341 2226
9341
9340 2226
9340
9339 2226
9339
9338 2226
9338
9337 2226
9337
9336 2226
9336
9335 2226
9335
9334 2226
9334
9333 2226
9333
9332 2226
9332
9331 2226
9331
9330 2226
9330
9329 2226
9329
9328 2226
9328
9327 2226
9327
9326 2226
9326
9325 2226
9325
9324 2226
9324
9323 2226
9323
9322 2226
9322
9321 2226
9321
9320 2226
9320
9319 2226
9319
9318 2226
9318
9317 2226
9317
9316 2226
9316
9315 2226
9315
9314 2226
9314
9313 2226
9313
9312 2226
9312
9311 2226
9311
9310 2226
9310
9309 2226
9309
9308 2226
9308
9307 2226
9307
9306 2226
9306
9305 2226
9305
9304 2226
9304
9303 2226
9303
9302 2226
9302
9301 2226
9301
9300 2226
9300
9299 2226
9299
9298 2226
9298
9297 2226
9297
9296 2226
9296
9295 2226
9295
9294 2226
9294
9293 2226
9293
9292 2226
9292
9291 2226
9291
9290 2226
9290
9289 2226
9289
9288 2226
9288
9287 2226
9287
9286 2226
9286
9285 2226
9285
9284 2226
9284
9283 2226
9283
9282 2226
9282
9281 2226
9281
9280 2226
9280
9279 2226
9279
9278 2226
9278
9277 2226
9277
9276 2226
9276
9275 2226
9275
9274 2226
9274
9273 2226
9273
9272 2226
9272
9271 2226
9271
9270 2226
9270
9269 2226
9269
9268 2226
9268
9267 2226
9267
9266 2226
9266
9265 2226
9265
9264 2226
9264
9263 2226
9263
9262 2226
9262
9261 2226
9261
9260 2226
9260
9259 2226
9259
9258 2226
9258
9257 2226
9257
9256 2226
9256
9255 2226
9255
9254 2226
9254
9253 2226
9253
9252 2226
9252
9251 2226
9251
9250 2226
9250
9249 2226
9249
9248 2226
9248
9247 2226
9247
9246 2226
9246
9245 2226
9245
9244 2226
9244
9243 2226
9243
9242 2226
9242
9241 2226
9241
9240 2226
9240
9239 2226
9239
9238 2226
9238
9237 2226
9237
9236 2226
9236
9235 2226
9235
9234 2226
9234
9233 2226
9233
9232 2226
9232
9231 2226
9231
9230 2226
9230
9229 2226
9229
9228 2226
9228
9227 2226
9227
9226 2226
9226
9225 2226
9225
9224 2226
9224
9223 2226
9223
9222 2226
9222
9221 2226
9221
9220 2226
9220
9219 2226
9219
9218 2226
9218
9217 2226
9217
9216 2226
9216
9215 2226
9215
9214 2226
9214
9213 2226
9213
9212 2226
9212
9211 2226
9211
9210 2226
9210
9209 2226
9209
9208 2226
9208
9207 2226
9207
9206 2226
9206
9205 2226
9205
9204 2226
9204
9203 2226
9203
9202 2226
9202
9201 2226
9201
9200 2226
9200
9199 2226
9199
9198 2226
9198
9197 2226
9197
9196 2226
9196
9195 2226
9195
9194 2226
9194
9193 2226
9193
9192 2226
9192
9191 2226
9191
9190 2226
9190
9189 2226
9189
9188 2226
9188
9187 2226
9187
9186 2226
9186
9185 2226
9185
9184 2226
9184
9183 2226
9183
9182 2226
9182
9181 2226
9181
9180 2226
9180
9179 2226
9179
9178 2226
9178
9177 2226
9177
9176 2226
9176
9175 2226
9175
9174 2226
9174
9173 2226
9173
9172 2226
9172
9171 2226
9171
9170 2226
9170
9169 2226
9169
9168 2226
9168
9167 2226
9167
9166 2226
9166
9165 2226
9165
9164 2226
9164
9163 2226
9163
9162 2226
9162
9161 2226
9161
9160 2226
9160
9159 2226
9159
9158 2226
9158
9157 2226
9157
9156 2226
9156
9155 2226
9155
9154 2226
9154
9153 2226
9153
9152 2226
9152
9151 2226
9151
9150 2226
9150
9149 2226
9149
9148 2226
9148
9147 2226
9147
9146 2226
9146
9145 2226
9145
9144 2226
9144
9143 2226
9143
9142 2226
9142
9141 2226
9141
9140 2226
9140
9139 2226
9139
9138 2226
9138
9137 2226
9137
9136 2226
9136
9135 2226
9135
9134 2226
9134
9133 2226
9133
9132 2226
9132
9131 2226
9131
9130 2226
9130
9129 2226
9129
9128 2226
9128
9127 2226
9127
9126 2226
9126
9125 2226
9125
9124 2226
9124
9123 2226
9123
9122 2226
9122
9121 2226
9121
9120 2226
9120
9119 2226
9119
9118 2226
9118
9117 2226
9117
9116 2226
9116
9115 2226
9115
9114 2226
9114
9113 2226
9113
9112 2226
9112
9111 2226
9111
9110 2226
9110
9109 2226
9109
9108 2226
9108
9107 2226
9107
9106 2226
9106
9105 2226
9105
9104 2226
9104
9103 2226
9103
9102 2226
9102
9101 2226
9101
9100 2226
9100
9099 2226
9099
9098 2226
9098
9097 2226
9097
9096 2226
9096
9095 2226
9095
9094 2226
9094
9093 2226
9093
9092 2226
9092
9091 2226
9091
9090 2226
9090
9089 2226
9089
9088 2226
9088
9087 2226
9087
9086 2226
9086
9085 2226
9085
9084 2226
9084
9083 2226
9083
9082 2226
9082
9081 2226
9081
9080 2226
9080
9079 2226
9079
9078 2226
9078
9077 2226
9077
9076 2226
9076
9075 2226
9075
9074 2226
9074
9073 2226
9073
9072 2226
9072
9071 2226
9071
9070 2226
9070
9069 2226
9069
9068 2226
9068
9067 2226
9067
9066 2226
9066
9065 2226
9065
9064 2226
9064
9063 2226
9063
9062 2226
9062
9061 2226
9061
9060 2226
9060
9059 2226
9059
9058 2226
9058
9057 2226
9057
9056 2226
9056
9055 2226
9055
9054 2226
9054
9053 2226
9053
9052 2226
9052
9051 2226
9051
9050 2226
9050
9049 2226
9049
9048 2226
9048
9047 2226
9047
9046 2226
9046
9045 2226
9045
9044 2226
9044
9043 2226
9043
9042 2226
9042
9041 2226
9041
9040 2226
9040
9039 2226
9039
9038 2226
9038
9037 2226
9037
9036 2226
9036
9035 2226
9035
9034 2226
9034
9033 2226
9033
9032 2226
9032
9031 2226
9031
9030 2226
9030
9029 2226
9029
9028 2226
9028
9027 2226
9027
9026 2226
9026
9025 2226
9025
9024 2226
9024
9023 2226
9023
9022 2226
9022
9021 2226
9021
9020 2226
9020
9019 2226
9019
9018 2226
9018
9017 2226
9017
9016 2226
9016
9015 2226
9015
9014 2226
9014
9013 2226
9013
9012 2226
9012
9011 2226
9011
9010 2226
9010
9009 2226
9009
9008 2226
9008
9007 2226
9007
9006 2226
9006
9005 2226
9005
9004 2226
9004
9003 2226
9003
9002 2226
9002
9001 2226
9001
9000 2226
9000
8999 2226
8999
8998 2226
8998
8997 2226
8997
8996 2226
8996
8995 2226
8995
8994 2226
8994
8993 2226
8993
8992 2226
8992
8991 2226
8991
8990 2226
8990
8989 2226
8989
8988 2226
8988
8987 2226
8987
8986 2226
8986
8985 2226
8985
8984 2226
8984
8983 2226
8983
8982 2226
8982
8981 2226
8981
8980 2226
8980
8979 2226
8979
8978 2226
8978
8977 2226
8977
8976 2226
8976
8975 2226
8975
8974 2226
8974
8973 2226
8973
8972 2226
8972
8971 2226
8971
8970 2226
8970
8969 2226
8969
8968 2226
8968
8967 2226
8967
8966 2226
8966
8965 2226
8965
8964 2226
8964
8963 2226
8963
8962 2226
8962
8961 2226
8961
8960 2226
8960
8959 2226
8959
8958 2226
8958
8957 2226
8957
8956 2226
8956
8955 2226
8955
8954 2226
8954
8953 2226
8953
8952 2226
8952
8951 2226
8951
8950 2226
8950
8949 2226
8949
8948 2226
8948
8947 2226
8947
8946 2226
8946
8945 2226
8945
8944 2226
8944
8943 2226
8943
8942 2226
8942
8941 2226
8941
8940 2226
8940
8939 2226
8939
8938 2226
8938
8937 2226
8937
8936 2226
8936
8935 2226
8935
8934 2226
8934
8933 2226
8933
8932 2226
8932
8931 2226
8931
8930 2226
8930
8929 2226
8929
8928 2226
8928
8927 2226
8927
8926 2226
8926
8925 2226
8925
8924 2226
8924
8923 2226
8923
8922 2226
8922
8921 2226
8921
8920 2226
8920
8919 2226
8919
8918 2226
8918
8917 2226
8917
8916 2226
8916
8915 2226
8915
8914 2226
8914
8913 2226
8913
8912 2226
8912
8911 2226
8911
8910 2226
8910
8909 2226
8909
8908 2226
8908
8907 2226
8907
8906 2226
8906
8905 2226
8905
8904 2226
8904
8903 2226
8903
8902 2226
8902
8901 2226
8901
8900 2226
8900
8899 2226
8899
8898 2226
8898
8897 2226
8897
8896 2226
8896
8895 2226
8895
8894 2226
8894
8893 2226
8893
8892 2226
8892
8891 2226
8891
8890 2226
8890
8889 2226
8889
8888 2226
8888
8887 2226
8887
8886 2226
8886
8885 2226
8885
8884 2226
8884
8883 2226
8883
8882 2226
8882
8881 2226
8881
8880 2226
8880
8879 2226
8879
8878 2226
8878
8877 2226
8877
8876 2226
8876
8875 2226
8875
8874 2226
8874
8873 2226
8873
8872 2226
8872
8871 2226
8871
8870 2226
8870
8869 2226
8869
8868 2226
8868
8867 2226
8867
8866 2226
8866
8865 2226
8865
8864 2226
8864
8863 2226
8863
8862 2226
8862
8861 2226
8861
8860 2226
8860
8859 2226
8859
8858 2226
8858
8857 2226
8857
8856 2226
8856
8855 2226
8855
8854 2226
8854
8853 2226
8853
8852 2226
8852
8851 2226
8851
8850 2226
8850
8849 2226
8849
8848 2226
8848
8847 2226
8847
8846 2226
8846
8845 2226
8845
8844 2226
8844
8843 2226
8843
8842 2226
8842
8841 2226
8841
8840 2226
8840
8839 2226
8839
8838 2226
8838
8837 2226
8837
8836 2226
8836
8835 2226
8835
8834 2226
8834
8833 2226
8833
8832 2226
8832
8831 2226
8831
8830 2226
8830
8829 2226
8829
8828 2226
8828
8827 2226
8827
8826 2226
8826
8825 2226
8825
8824 2226
8824
8823 2226
8823
8822 2226
8822
8821 2226
8821
8820 2226
8820
8819 2226
8819
8818 2226
8818
8817 2226
8817
8816 2226
8816
8815 2226
8815
8814 2226
8814
8813 2226
8813
8812 2226
8812
8811 2226
8811
8810 2226
8810
8809 2226
8809
8808 2226
8808
8807 2226
8807
8806 2226
8806
8805 2226
8805
8804 2226
8804
8803 2226
8803
8802 2226
8802
8801 2226
8801
8800 2226
8800
8799 2226
8799
8798 2226
8798
8797 2226
8797
8796 2226
8796
8795 2226
8795
8794 2226
8794
8793 2226
8793
8792 2226
8792
8791 2226
8791
8790 2226
8790
8789 2226
8789
8788 2226
8788
8787 2226
8787
8786 2226
8786
8785 2226
8785
8784 2226
8784
8783 2226
8783
8782 2226
8782
8781 2226
8781
8780 2226
8780
8779 2226
8779
8778 2226
8778
8777 2226
8777
8776 2226
8776
8775 2226
8775
8774 2226
8774
8773 2226
8773
8772 2226
8772
8771 2226
8771
8770 2226
8770
8769 2226
8769
8768 2226
8768
8767 2226
8767
8766 2226
8766
8765 2226
8765
8764 2226
8764
8763 2226
8763
8762 2226
8762
8761 2226
8761
8760 2226
8760
8759 2226
8759
8758 2226
8758
8757 2226
8757
8756 2226
8756
8755 2226
8755
8754 2226
8754
8753 2226
8753
8752 2226
8752
8751 2226
8751
8750 2226
8750
8749 2226
8749
8748 2226
8748
8747 2226
8747
8746 2226
8746
8745 2226
8745
8744 2226
8744
8743 2226
8743
8742 2226
8742
8741 2226
8741
8740 2226
8740
8739 2226
8739
8738 2226
8738
8737 2226
8737
8736 2226
8736
8735 2226
8735
8734 2226
8734
8733 2226
8733
8732 2226
8732
8731 2226
8731
8730 2226
8730
8729 2226
8729
8728 2226
8728
8727 2226
8727
8726 2226
8726
8725 2226
8725
8724 2226
8724
8723 2226
8723
8722 2226
8722
8721 2226
8721
8720 2226
8720
8719 2226
8719
8718 2226
8718
8717 2226
8717
8716 2226
8716
8715 2226
8715
8714 2226
8714
8713 2226
8713
8712 2226
8712
8711 2226
8711
8710 2226
8710
8709 2226
8709
8708 2226
8708
8707 2226
8707
8706 2226
8706
8705 2226
8705
8704 2226
8704
8703 2226
8703
8702 2226
8702
8701 2226
8701
8700 2226
8700
8699 2226
8699
8698 2226
8698
8697 2226
8697
8696 2226
8696
8695 2226
8695
8694 2226
8694
8693 2226
8693
8692 2226
8692
8691 2226
8691
8690 2226
8690
8689 2226
8689
8688 2226
8688
8687 2226
8687
8686 2226
8686
8685 2226
8685
8684 2226
8684
8683 2226
8683
8682 2226
8682
8681 2226
8681
8680 2226
8680
8679 2226
8679
8678 2226
8678
8677 2226
8677
8676 2226
8676
8675 2226
8675
8674 2226
8674
8673 2226
8673
8672 2226
8672
8671 2226
8671
8670 2226
8670
8669 2226
8669
8668 2226
8668
8667 2226
8667
8666 2226
8666
8665 2226
8665
8664 2226
8664
8663 2226
8663
8662 2226
8662
8661 2226
8661
8660 2226
8660
8659 2226
8659
8658 2226
8658
8657 2226
8657
8656 2226
8656
8655 2226
8655
8654 2226
8654
8653 2226
8653
8652 2226
8652
8651 2226
8651
8650 2226
8650
8649 2226
8649
8648 2226
8648
8647 2226
8647
8646 2226
8646
8645 2226
8645
8644 2226
8644
8643 2226
8643
8642 2226
8642
8641 2226
8641
8640 2226
8640
8639 2226
8639
8638 2226
8638
8637 2226
8637
8636 2226
8636
8635 2226
8635
8634 2226
8634
8633 2226
8633
8632 2226
8632
8631 2226
8631
8630 2226
8630
8629 2226
8629
8628 2226
8628
8627 2226
8627
8626 2226
8626
8625 2226
8625
8624 2226
8624
8623 2226
8623
8622 2226
8622
8621 2226
8621
8620 2226
8620
8619 2226
8619
8618 2226
8618
8617 2226
8617
8616 2226
8616
8615 2226
8615
8614 2226
8614
8613 2226
8613
8612 2226
8612
8611 2226
8611
8610 2226
8610
8609 2226
8609
8608 2226
8608
8607 2226
8607
8606 2226
8606
8605 2226
8605
8604 2226
8604
8603 2226
8603
8602 2226
8602
8601 2226
8601
8600 2226
8600
8599 2226
8599
8598 2226
8598
8597 2226
8597
8596 2226
8596
8595 2226
8595
8594 2226
8594
8593 2226
8593
8592 2226
8592
8591 2226
8591
8590 2226
8590
8589 2226
8589
8588 2226
8588
8587 2226
8587
8586 2226
8586
8585 2226
8585
8584 2226
8584
8583 2226
8583
8582 2226
8582
8581 2226
8581
8580 2226
8580
8579 2226
8579
8578 2226
8578
8577 2226
8577
8576 2226
8576
8575 2226
8575
8574 2226
8574
8573 2226
8573
8572 2226
8572
8571 2226
8571
8570 2226
8570
8569 2226
8569
8568 2226
8568
8567 2226
8567
8566 2226
8566
8565 2226
8565
8564 2226
8564
8563 2226
8563
8562 2226
8562
8561 2226
8561
8560 2226
8560
8559 2226
8559
8558 2226
8558
8557 2226
8557
8556 2226
8556
8555 2226
8555
8554 2226
8554
8553 2226
8553
8552 2226
8552
8551 2226
8551
8550 2226
8550
8549 2226
8549
8548 2226
8548
8547 2226
8547
8546 2226
8546
8545 2226
8545
8544 2226
8544
8543 2226
8543
8542 2226
8542
8541 2226
8541
8540 2226
8540
8539 2226
8539
8538 2226
8538
8537 2226
8537
8536 2226
8536
8535 2226
8535
8534 2226
8534
8533 2226
8533
8532 2226
8532
8531 2226
8531
8530 2226
8530
8529 2226
8529
8528 2226
8528
8527 2226
8527
8526 2226
8526
8525 2226
8525
8524 2226
8524
8523 2226
8523
8522 2226
8522
8521 2226
8521
8520 2226
8520
8519 2226
8519
8518 2226
8518
8517 2226
8517
8516 2226
8516
8515 2226
8515
8514 2226
8514
8513 2226
8513
8512 2226
8512
8511 2226
8511
8510 2226
8510
8509 2226
8509
8508 2226
8508
8507 2226
8507
8506 2226
8506
8505 2226
8505
8504 2226
8504
8503 2226
8503
8502 2226
8502
8501 2226
8501
8500 2226
8500
8499 2226
8499
8498 2226
8498
8497 2226
8497
8496 2226
8496
8495 2226
8495
8494 2226
8494
8493 2226
8493
8492 2226
8492
8491 2226
8491
8490 2226
8490
8489 2226
8489
8488 2226
8488
8487 2226
8487
8486 2226
8486
8485 2226
8485
8484 2226
8484
8483 2226
8483
8482 2226
8482
8481 2226
8481
8480 2226
8480
8479 2226
8479
8478 2226
8478
8477 2226
8477
8476 2226
8476
8475 2226
8475
8474 2226
8474
8473 2226
8473
8472 2226
8472
8471 2226
8471
8470 2226
8470
8469 2226
8469
8468 2226
8468
8467 2226
8467
8466 2226
8466
8465 2226
8465
8464 2226
8464
8463 2226
8463
8462 2226
8462
8461 2226
8461
8460 2226
8460
8459 2226
8459
8458 2226
8458
8457 2226
8457
8456 2226
8456
8455 2226
8455
8454 2226
8454
8453 2226
8453
8452 2226
8452
8451 2226
8451
8450 2226
8450
8449 2226
8449
8448 2226
8448
8447 2226
8447
8446 2226
8446
8445 2226
8445
8444 2226
8444
8443 2226
8443
8442 2226
8442
8441 2226
8441
8440 2226
8440
8439 2226
8439
8438 2226
8438
8437 2226
8437
8436 2226
8436
8435 2226
8435
8434 2226
8434
8433 2226
8433
8432 2226
8432
8431 2226
8431
8430 2226
8430
8429 2226
8429
8428 2226
8428
8427 2226
8427
8426 2226
8426
8425 2226
8425
8424 2226
8424
8423 2226
8423
8422 2226
8422
8421 2226
8421
8420 2226
8420
8419 2226
8419
8418 2226
8418
8417 2226
8417
8416 2226
8416
8415 2226
8415
8414 2226
8414
8413 2226
8413
8412 2226
8412
8411 2226
8411
8410 2226
8410
8409 2226
8409
8408 2226
8408
8407 2226
8407
8406 2226
8406
8405 2226
8405
8404 2226
8404
8403 2226
8403
8402 2226
8402
8401 2226
8401
8400 2226
8400
8399 2226
8399
8398 2226
8398
8397 2226
8397
8396 2226
8396
8395 2226
8395
8394 2226
8394
8393 2226
8393
8392 2226
8392
8391 2226
8391
8390 2226
8390
8389 2226
8389
8388 2226
8388
8387 2226
8387
8386 2226
8386
8385 2226
8385
8384 2226
8384
8383 2226
8383
8382 2226
8382
8381 2226
8381
8380 2226
8380
8379 2226
8379
8378 2226
8378
8377 2226
8377
8376 2226
8376
8375 2226
8375
8374 2226
8374
8373 2226
8373
8372 2226
8372
8371 2226
8371
8370 2226
8370
8369 2226
8369
8368 2226
8368
8367 2226
8367
8366 2226
8366
8365 2226
8365
8364 2226
8364
8363 2226
8363
8362 2226
8362
8361 2226
8361
8360 2226
8360
8359 2226
8359
8358 2226
8358
8357 2226
8357
8356 2226
8356
8355 2226
8355
8354 2226
8354
8353 2226
8353
8352 2226
8352
8351 2226
8351
8350 2226
8350
8349 2226
8349
8348 2226
8348
8347 2226
8347
8346 2226
8346
8345 2226
8345
8344 2226
8344
8343 2226
8343
8342 2226
8342
8341 2226
8341
8340 2226
8340
8339 2226
8339
8338 2226
8338
8337 2226
8337
8336 2226
8336
8335 2226
8335
8334 2226
8334
8333 2226
8333
8332 2226
8332
8331 2226
8331
8330 2226
8330
8329 2226
8329
8328 2226
8328
8327 2226
8327
8326 2226
8326
8325 2226
8325
8324 2226
8324
8323 2226
8323
8322 2226
8322
8321 2226
8321
8320 2226
8320
8319 2226
8319
8318 2226
8318
8317 2226
8317
8316 2226
8316
8315 2226
8315
8314 2226
8314
8313 2226
8313
8312 2226
8312
8311 2226
8311
8310 2226
8310
8309 2226
8309
8308 2226
8308
8307 2226
8307
8306 2226
8306
8305 2226
8305
8304 2226
8304
8303 2226
8303
8302 2226
8302
8301 2226
8301
8300 2226
8300
8299 2226
8299
8298 2226
8298
8297 2226
8297
8296 2226
8296
8295 2226
8295
8294 2226
8294
8293 2226
8293
8292 2226
8292
8291 2226
8291
8290 2226
8290
8289 2226
8289
8288 2226
8288
8287 2226
8287
8286 2226
8286
8285 2226
8285
8284 2226
8284
8283 2226
8283
8282 2226
8282
8281 2226
8281
8280 2226
8280
8279 2226
8279
8278 2226
8278
8277 2226
8277
8276 2226
8276
8275 2226
8275
8274 2226
8274
8273 2226
8273
8272 2226
8272
8271 2226
8271
8270 2226
8270
8269 2226
8269
8268 2226
8268
8267 2226
8267
8266 2226
8266
8265 2226
8265
8264 2226
8264
8263 2226
8263
8262 2226
8262
8261 2226
8261
8260 2226
8260
8259 2226
8259
8258 2226
8258
8257 2226
8257
8256 2226
8256
8255 2226
8255
8254 2226
8254
8253 2226
8253
8252 2226
8252
8251 2226
8251
8250 2226
8250
8249 2226
8249
8248 2226
8248
8247 2226
8247
8246 2226
8246
8245 2226
8245
8244 2226
8244
8243 2226
8243
8242 2226
8242
8241 2226
8241
8240 2226
8240
8239 2226
8239
8238 2226
8238
8237 2226
8237
8236 2226
8236
8235 2226
8235
8234 2226
8234
8233 2226
8233
8232 2226
8232
8231 2226
8231
8230 2226
8230
8229 2226
8229
8228 2226
8228
8227 2226
8227
8226 2226
8226
8225 2226
8225
8224 2226
8224
8223 2226
8223
8222 2226
8222
8221 2226
8221
8220 2226
8220
8219 2226
8219
8218 2226
8218
8217 2226
8217
8216 2226
8216
8215 2226
8215
8214 2226
8214
8213 2226
8213
8212 2226
8212
8211 2226
8211
8210 2226
8210
8209 2226
8209
8208 2226
8208
8207 2226
8207
8206 2226
8206
8205 2226
8205
8204 2226
8204
8203 2226
8203
8202 2226
8202
8201 2226
8201
8200 2226
8200
8199 2226
8199
8198 2226
8198
8197 2226
8197
8196 2226
8196
8195 2226
8195
8194 2226
8194
8193 2226
8193
8192 2226
8192
8191 2226
8191
8190 2226
8190
8189 2226
8189
8188 2226
8188
8187 2226
8187
8186 2226
8186
8185 2226
8185
8184 2226
8184
8183 2226
8183
8182 2226
8182
8181 2226
8181
8180 2226
8180
8179 2226
8179
8178 2226
8178
8177 2226
8177
8176 2226
8176
8175 2226
8175
8174 2226
8174
8173 2226
8173
8172 2226
8172
8171 2226
8171
8170 2226
8170
8169 2226
8169
8168 2226
8168
8167 2226
8167
8166 2226
8166
8165 2226
8165
8164 2226
8164
8163 2226
8163
8162 2226
8162
8161 2226
8161
8160 2226
8160
8159 2226
8159
8158 2226
8158
8157 2226
8157
8156 2226
8156
8155 2226
8155
8154 2226
8154
8153 2226
8153
8152 2226
8152
8151 2226
8151
8150 2226
8150
8149 2226
8149
8148 2226
8148
8147 2226
8147
8146 2226
8146
8145 2226
8145
8144 2226
8144
8143 2226
8143
8142 2226
8142
8141 2226
8141
8140 2226
8140
8139 2226
8139
8138 2226
8138
8137 2226
8137
8136 2226
8136
8135 2226
8135
8134 2226
8134
8133 2226
8133
8132 2226
8132
8131 2226
8131
8130 2226
8130
8129 2226
8129
8128 2226
8128
8127 2226
8127
8126 2226
8126
8125 2226
8125
8124 2226
8124
8123 2226
8123
8122 2226
8122
8121 2226
8121
8120 2226
8120
8119 2226
8119
8118 2226
8118
8117 2226
8117
8116 2226
8116
8115 2226
8115
8114 2226
8114
8113 2226
8113
8112 2226
8112
8111 2226
8111
8110 2226
8110
8109 2226
8109
8108 2226
8108
8107 2226
8107
8106 2226
8106
8105 2226
8105
8104 2226
8104
8103 2226
8103
8102 2226
8102
8101 2226
8101
8100 2226
8100
8099 2226
8099
8098 2226
8098
8097 2226
8097
8096 2226
8096
8095 2226
8095
8094 2226
8094
8093 2226
8093
8092 2226
8092
8091 2226
8091
8090 2226
8090
8089 2226
8089
8088 2226
8088
8087 2226
8087
8086 2226
8086
8085 2226
8085
8084 2226
8084
8083 2226
8083
8082 2226
8082
8081 2226
8081
8080 2226
8080
8079 2226
8079
8078 2226
8078
8077 2226
8077
8076 2226
8076
8075 2226
8075
8074 2226
8074
8073 2226
8073
8072 2226
8072
8071 2226
8071
8070 2226
8070
8069 2226
8069
8068 2226
8068
8067 2226
8067
8066 2226
8066
8065 2226
8065
8064 2226
8064
8063 2226
8063
8062 2226
8062
8061 2226
8061
8060 2226
8060
8059 2226
8059
8058 2226
8058
8057 2226
8057
8056 2226
8056
8055 2226
8055
8054 2226
8054
8053 2226
8053
8052 2226
8052
8051 2226
8051
8050 2226
8050
8049 2226
8049
8048 2226
8048
8047 2226
8047
8046 2226
8046
8045 2226
8045
8044 2226
8044
8043 2226
8043
8042 2226
8042
8041 2226
8041
8040 2226
8040
8039 2226
8039
8038 2226
8038
8037 2226
8037
8036 2226
8036
8035 2226
8035
8034 2226
8034
8033 2226
8033
8032 2226
8032
8031 2226
8031
8030 2226
8030
8029 2226
8029
8028 2226
8028
8027 2226
8027
8026 2226
8026
8025 2226
8025
8024 2226
8024
8023 2226
8023
8022 2226
8022
8021 2226
8021
8020 2226
8020
8019 2226
8019
8018 2226
8018
8017 2226
8017
8016 2226
8016
8015 2226
8015
8014 2226
8014
8013 2226
8013
8012 2226
8012
8011 2226
8011
8010 2226
8010
8009 2226
8009
8008 2226
8008
8007 2226
8007
8006 2226
8006
8005 2226
8005
8004 2226
8004
8003 2226
8003
8002 2226
8002
8001 2226
8001
8000 2226
8000
7999 2226
7999
7998 2226
7998
7997 2226
7997
7996 2226
7996
7995 2226
7995
7994 2226
7994
7993 2226
7993
7992 2226
7992
7991 2226
7991
7990 2226
7990
7989 2226
7989
7988 2226
7988
7987 2226
7987
7986 2226
7986
7985 2226
7985
7984 2226
7984
7983 2226
7983
7982 2226
7982
7981 2226
7981
7980 2226
7980
7979 2226
7979
7978 2226
7978
7977 2226
7977
7976 2226
7976
7975 2226
7975
7974 2226
7974
7973 2226
7973
7972 2226
7972
7971 2226
7971
7970 2226
7970
7969 2226
7969
7968 2226
7968
7967 2226
7967
7966 2226
7966
7965 2226
7965
7964 2226
7964
7963 2226
7963
7962 2226
7962
7961 2226
7961
7960 2226
7960
7959 2226
7959
7958 2226
7958
7957 2226
7957
7956 2226
7956
7955 2226
7955
7954 2226
7954
7953 2226
7953
7952 2226
7952
7951 2226
7951
7950 2226
7950
7949 2226
7949
7948 2226
7948
7947 2226
7947
7946 2226
7946
7945 2226
7945
7944 2226
7944
7943 2226
7943
7942 2226
7942
7941 2226
7941
7940 2226
7940
7939 2226
7939
7938 2226
7938
7937 2226
7937
7936 2226
7936
7935 2226
7935
7934 2226
7934
7933 2226
7933
7932 2226
7932
7931 2226
7931
7930 2226
7930
7929 2226
7929
7928 2226
7928
7927 2226
7927
7926 2226
7926
7925 2226
7925
7924 2226
7924
7923 2226
7923
7922 2226
7922
7921 2226
7921
7920 2226
7920
7919 2226
7919
7918 2226
7918
7917 2226
7917
7916 2226
7916
7915 2226
7915
7914 2226
7914
7913 2226
7913
7912 2226
7912
7911 2226
7911
7910 2226
7910
7909 2226
7909
7908 2226
7908
7907 2226
7907
7906 2226
7906
7905 2226
7905
7904 2226
7904
7903 2226
7903
7902 2226
7902
7901 2226
7901
7900 2226
7900
7899 2226
7899
7898 2226
7898
7897 2226
7897
7896 2226
7896
7895 2226
7895
7894 2226
7894
7893 2226
7893
7892 2226
7892
7891 2226
7891
7890 2226
7890
7889 2226
7889
7888 2226
7888
7887 2226
7887
7886 2226
7886
7885 2226
7885
7884 2226
7884
7883 2226
7883
7882 2226
7882
7881 2226
7881
7880 2226
7880
7879 2226
7879
7878 2226
7878
7877 2226
7877
7876 2226
7876
7875 2226
7875
7874 2226
7874
7873 2226
7873
7872 2226
7872
7871 2226
7871
7870 2226
7870
7869 2226
7869
7868 2226
7868
7867 2226
7867
7866 2226
7866
7865 2226
7865
7864 2226
7864
7863 2226
7863
7862 2226
7862
7861 2226
7861
7860 2226
7860
7859 2226
7859
7858 2226
7858
7857 2226
7857
7856 2226
7856
7855 2226
7855
7854 2226
7854
7853 2226
7853
7852 2226
7852
7851 2226
7851
7850 2226
7850
7849 2226
7849
7848 2226
7848
7847 2226
7847
7846 2226
7846
7845 2226
7845
7844 2226
7844
7843 2226
7843
7842 2226
7842
7841 2226
7841
7840 2226
7840
7839 2226
7839
7838 2226
7838
7837 2226
7837
7836 2226
7836
7835 2226
7835
7834 2226
7834
7833 2226
7833
7832 2226
7832
7831 2226
7831
7830 2226
7830
7829 2226
7829
7828 2226
7828
7827 2226
7827
7826 2226
7826
7825 2226
7825
7824 2226
7824
7823 2226
7823
7822 2226
7822
7821 2226
7821
7820 2226
7820
7819 2226
7819
7818 2226
7818
7817 2226
7817
7816 2226
7816
7815 2226
7815
7814 2226
7814
7813 2226
7813
7812 2226
7812
7811 2226
7811
7810 2226
7810
7809 2226
7809
7808 2226
7808
7807 2226
7807
7806 2226
7806
7805 2226
7805
7804 2226
7804
7803 2226
7803
7802 2226
7802
7801 2226
7801
7800 2226
7800
7799 2226
7799
7798 2226
7798
7797 2226
7797
7796 2226
7796
7795 2226
7795
7794 2226
7794
7793 2226
7793
7792 2226
7792
7791 2226
7791
7790 2226
7790
7789 2226
7789
7788 2226
7788
7787 2226
7787
7786 2226
7786
7785 2226
7785
7784 2226
7784
7783 2226
7783
7782 2226
7782
7781 2226
7781
7780 2226
7780
7779 2226
7779
7778 2226
7778
7777 2226
7777
7776 2226
7776
7775 2226
7775
7774 2226
7774
7773 2226
7773
7772 2226
7772
7771 2226
7771
7770 2226
7770
7769 2226
7769
7768 2226
7768
7767 2226
7767
7766 2226
7766
7765 2226
7765
7764 2226
7764
7763 2226
7763
7762 2226
7762
7761 2226
7761
7760 2226
7760
7759 2226
7759
7758 2226
7758
7757 2226
7757
7756 2226
7756
7755 2226
7755
7754 2226
7754
7753 2226
7753
7752 2226
7752
7751 2226
7751
7750 2226
7750
7749 2226
7749
7748 2226
7748
7747 2226
7747
7746 2226
7746
7745 2226
7745
7744 2226
7744
7743 2226
7743
7742 2226
7742
7741 2226
7741
7740 2226
7740
7739 2226
7739
7738 2226
7738
7737 2226
7737
7736 2226
7736
7735 2226
7735
7734 2226
7734
7733 2226
7733
7732 2226
7732
7731 2226
7731
7730 2226
7730
7729 2226
7729
7728 2226
7728
7727 2226
7727
7726 2226
7726
7725 2226
7725
7724 2226
7724
7723 2226
7723
7722 2226
7722
7721 2226
7721
7720 2226
7720
7719 2226
7719
7718 2226
7718
7717 2226
7717
7716 2226
7716
7715 2226
7715
7714 2226
7714
7713 2226
7713
7712 2226
7712
7711 2226
7711
7710 2226
7710
7709 2226
7709
7708 2226
7708
7707 2226
7707
7706 2226
7706
7705 2226
7705
7704 2226
7704
7703 2226
7703
7702 2226
7702
7701 2226
7701
7700 2226
7700
7699 2226
7699
7698 2226
7698
7697 2226
7697
7696 2226
7696
7695 2226
7695
7694 2226
7694
7693 2226
7693
7692 2226
7692
7691 2226
7691
7690 2226
7690
7689 2226
7689
7688 2226
7688
7687 2226
7687
7686 2226
7686
7685 2226
7685
7684 2226
7684
7683 2226
7683
7682 2226
7682
7681 2226
7681
7680 2226
7680
7679 2226
7679
7678 2226
7678
7677 2226
7677
7676 2226
7676
7675 2226
7675
7674 2226
7674
7673 2226
7673
7672 2226
7672
7671 2226
7671
7670 2226
7670
7669 2226
7669
7668 2226
7668
7667 2226
7667
7666 2226
7666
7665 2226
7665
7664 2226
7664
7663 2226
7663
7662 2226
7662
7661 2226
7661
7660 2226
7660
7659 2226
7659
7658 2226
7658
7657 2226
7657
7656 2226
7656
7655 2226
7655
7654 2226
7654
7653 2226
7653
7652 2226
7652
7651 2226
7651
7650 2226
7650
7649 2226
7649
7648 2226
7648
7647 2226
7647
7646 2226
7646
7645 2226
7645
7644 2226
7644
7643 2226
7643
7642 2226
7642
7641 2226
7641
7640 2226
7640
7639 2226
7639
7638 2226
7638
7637 2226
7637
7636 2226
7636
7635 2226
7635
7634 2226
7634
7633 2226
7633
7632 2226
7632
7631 2226
7631
7630 2226
7630
7629 2226
7629
7628 2226
7628
7627 2226
7627
7626 2226
7626
7625 2226
7625
7624 2226
7624
7623 2226
7623
7622 2226
7622
7621 2226
7621
7620 2226
7620
7619 2226
7619
7618 2226
7618
7617 2226
7617
7616 2226
7616
7615 2226
7615
7614 2226
7614
7613 2226
7613
7612 2226
7612
7611 2226
7611
7610 2226
7610
7609 2226
7609
7608 2226
7608
7607 2226
7607
7606 2226
7606
7605 2226
7605
7604 2226
7604
7603 2226
7603
7602 2226
7602
7601 2226
7601
7600 2226
7600
7599 2226
7599
7598 2226
7598
7597 2226
7597
7596 2226
7596
7595 2226
7595
7594 2226
7594
7593 2226
7593
7592 2226
7592
7591 2226
7591
7590 2226
7590
7589 2226
7589
7588 2226
7588
7587 2226
7587
7586 2226
7586
7585 2226
7585
7584 2226
7584
7583 2226
7583
7582 2226
7582
7581 2226
7581
7580 2226
7580
7579 2226
7579
7578 2226
7578
7577 2226
7577
7576 2226
7576
7575 2226
7575
7574 2226
7574
7573 2226
7573
7572 2226
7572
7571 2226
7571
7570 2226
7570
7569 2226
7569
7568 2226
7568
7567 2226
7567
7566 2226
7566
7565 2226
7565
7564 2226
7564
7563 2226
7563
7562 2226
7562
7561 2226
7561
7560 2226
7560
7559 2226
7559
7558 2226
7558
7557 2226
7557
7556 2226
7556
7555 2226
7555
7554 2226
7554
7553 2226
7553
7552 2226
7552
7551 2226
7551
7550 2226
7550
7549 2226
7549
7548 2226
7548
7547 2226
7547
7546 2226
7546
7545 2226
7545
7544 2226
7544
7543 2226
7543
7542 2226
7542
7541 2226
7541
7540 2226
7540
7539 2226
7539
7538 2226
7538
7537 2226
7537
7536 2226
7536
7535 2226
7535
7534 2226
7534
7533 2226
7533
7532 2226
7532
7531 2226
7531
7530 2226
7530
7529 2226
7529
7528 2226
7528
7527 2226
7527
7526 2226
7526
7525 2226
7525
7524 2226
7524
7523 2226
7523
7522 2226
7522
7521 2226
7521
7520 2226
7520
7519 2226
7519
7518 2226
7518
7517 2226
7517
7516 2226
7516
7515 2226
7515
7514 2226
7514
7513 2226
7513
7512 2226
7512
7511 2226
7511
7510 2226
7510
7509 2226
7509
7508 2226
7508
7507 2226
7507
7506 2226
7506
7505 2226
7505
7504 2226
7504
7503 2226
7503
7502 2226
7502
7501 2226
7501
7500 2226
7500
7499 2226
7499
7498 2226
7498
7497 2226
7497
7496 2226
7496
7495 2226
7495
7494 2226
7494
7493 2226
7493
7492 2226
7492
7491 2226
7491
7490 2226
7490
7489 2226
7489
7488 2226
7488
7487 2226
7487
7486 2226
7486
7485 2226
7485
7484 2226
7484
7483 2226
7483
7482 2226
7482
7481 2226
7481
7480 2226
7480
7479 2226
7479
7478 2226
7478
7477 2226
7477
7476 2226
7476
7475 2226
7475
7474 2226
7474
7473 2226
7473
7472 2226
7472
7471 2226
7471
7470 2226
7470
7469 2226
7469
7468 2226
7468
7467 2226
7467
7466 2226
7466
7465 2226
7465
7464 2226
7464
7463 2226
7463
7462 2226
7462
7461 2226
7461
7460 2226
7460
7459 2226
7459
7458 2226
7458
7457 2226
7457
7456 2226
7456
7455 2226
7455
7454 2226
7454
7453 2226
7453
7452 2226
7452
7451 2226
7451
7450 2226
7450
7449 2226
7449
7448 2226
7448
7447 2226
7447
7446 2226
7446
7445 2226
7445
7444 2226
7444
7443 2226
7443
7442 2226
7442
7441 2226
7441
7440 2226
7440
7439 2226
7439
7438 2226
7438
7437 2226
7437
7436 2226
7436
7435 2226
7435
7434 2226
7434
7433 2226
7433
7432 2226
7432
7431 2226
7431
7430 2226
7430
7429 2226
7429
7428 2226
7428
7427 2226
7427
7426 2226
7426
7425 2226
7425
7424 2226
7424
7423 2226
7423
7422 2226
7422
7421 2226
7421
7420 2226
7420
7419 2226
7419
7418 2226
7418
7417 2226
7417
7416 2226
7416
7415 2226
7415
7414 2226
7414
7413 2226
7413
7412 2226
7412
7411 2226
7411
7410 2226
7410
7409 2226
7409
7408 2226
7408
7407 2226
7407
7406 2226
7406
7405 2226
7405
7404 2226
7404
7403 2226
7403
7402 2226
7402
7401 2226
7401
7400 2226
7400
7399 2226
7399
7398 2226
7398
7397 2226
7397
7396 2226
7396
7395 2226
7395
7394 2226
7394
7393 2226
7393
7392 2226
7392
7391 2226
7391
7390 2226
7390
7389 2226
7389
7388 2226
7388
7387 2226
7387
7386 2226
7386
7385 2226
7385
7384 2226
7384
7383 2226
7383
7382 2226
7382
7381 2226
7381
7380 2226
7380
7379 2226
7379
7378 2226
7378
7377 2226
7377
7376 2226
7376
7375 2226
7375
7374 2226
7374
7373 2226
7373
7372 2226
7372
7371 2226
7371
7370 2226
7370
7369 2226
7369
7368 2226
7368
7367 2226
7367
7366 2226
7366
7365 2226
7365
7364 2226
7364
7363 2226
7363
7362 2226
7362
7361 2226
7361
7360 2226
7360
7359 2226
7359
7358 2226
7358
7357 2226
7357
7356 2226
7356
7355 2226
7355
7354 2226
7354
7353 2226
7353
7352 2226
7352
7351 2226
7351
7350 2226
7350
7349 2226
7349
7348 2226
7348
7347 2226
7347
7346 2226
7346
7345 2226
7345
7344 2226
7344
7343 2226
7343
7342 2226
7342
7341 2226
7341
7340 2226
7340
7339 2226
7339
7338 2226
7338
7337 2226
7337
7336 2226
7336
7335 2226
7335
7334 2226
7334
7333 2226
7333
7332 2226
7332
7331 2226
7331
7330 2226
7330
7329 2226
7329
7328 2226
7328
7327 2226
7327
7326 2226
7326
7325 2226
7325
7324 2226
7324
7323 2226
7323
7322 2226
7322
7321 2226
7321
7320 2226
7320
7319 2226
7319
7318 2226
7318
7317 2226
7317
7316 2226
7316
7315 2226
7315
7314 2226
7314
7313 2226
7313
7312 2226
7312
7311 2226
7311
7310 2226
7310
7309 2226
7309
7308 2226
7308
7307 2226
7307
7306 2226
7306
7305 2226
7305
7304 2226
7304
7303 2226
7303
7302 2226
7302
7301 2226
7301
7300 2226
7300
7299 2226
7299
7298 2226
7298
7297 2226
7297
7296 2226
7296
7295 2226
7295
7294 2226
7294
7293 2226
7293
7292 2226
7292
7291 2226
7291
7290 2226
7290
7289 2226
7289
7288 2226
7288
7287 2226
7287
7286 2226
7286
7285 2226
7285
7284 2226
7284
7283 2226
7283
7282 2226
7282
7281 2226
7281
7280 2226
7280
7279 2226
7279
7278 2226
7278
7277 2226
7277
7276 2226
7276
7275 2226
7275
7274 2226
7274
7273 2226
7273
7272 2226
7272
7271 2226
7271
7270 2226
7270
7269 2226
7269
7268 2226
7268
7267 2226
7267
7266 2226
7266
7265 2226
7265
7264 2226
7264
7263 2226
7263
7262 2226
7262
7261 2226
7261
7260 2226
7260
7259 2226
7259
7258 2226
7258
7257 2226
7257
7256 2226
7256
7255 2226
7255
7254 2226
7254
7253 2226
7253
7252 2226
7252
7251 2226
7251
7250 2226
7250
7249 2226
7249
7248 2226
7248
7247 2226
7247
7246 2226
7246
7245 2226
7245
7244 2226
7244
7243 2226
7243
7242 2226
7242
7241 2226
7241
7240 2226
7240
7239 2226
7239
7238 2226
7238
7237 2226
7237
7236 2226
7236
7235 2226
7235
7234 2226
7234
7233 2226
7233
7232 2226
7232
7231 2226
7231
7230 2226
7230
7229 2226
7229
7228 2226
7228
7227 2226
7227
7226 2226
7226
7225 2226
7225
7224 2226
7224
7223 2226
7223
7222 2226
7222
7221 2226
7221
7220 2226
7220
7219 2226
7219
7218 2226
7218
7217 2226
7217
7216 2226
7216
7215 2226
7215
7214 2226
7214
7213 2226
7213
7212 2226
7212
7211 2226
7211
7210 2226
7210
7209 2226
7209
7208 2226
7208
7207 2226
7207
7206 2226
7206
7205 2226
7205
7204 2226
7204
7203 2226
7203
7202 2226
7202
7201 2226
7201
7200 2226
7200
7199 2226
7199
7198 2226
7198
7197 2226
7197
7196 2226
7196
7195 2226
7195
7194 2226
7194
7193 2226
7193
7192 2226
7192
7191 2226
7191
7190 2226
7190
7189 2226
7189
7188 2226
7188
7187 2226
7187
7186 2226
7186
7185 2226
7185
7184 2226
7184
7183 2226
7183
7182 2226
7182
7181 2226
7181
7180 2226
7180
7179 2226
7179
7178 2226
7178
7177 2226
7177
7176 2226
7176
7175 2226
7175
7174 2226
7174
7173 2226
7173
7172 2226
7172
7171 2226
7171
7170 2226
7170
7169 2226
7169
7168 2226
7168
7167 2226
7167
7166 2226
7166
7165 2226
7165
7164 2226
7164
7163 2226
7163
7162 2226
7162
7161 2226
7161
7160 2226
7160
7159 2226
7159
7158 2226
7158
7157 2226
7157
7156 2226
7156
7155 2226
7155
7154 2226
7154
7153 2226
7153
7152 2226
7152
7151 2226
7151
7150 2226
7150
7149 2226
7149
7148 2226
7148
7147 2226
7147
7146 2226
7146
7145 2226
7145
7144 2226
7144
7143 2226
7143
7142 2226
7142
7141 2226
7141
7140 2226
7140
7139 2226
7139
7138 2226
7138
7137 2226
7137
7136 2226
7136
7135 2226
7135
7134 2226
7134
7133 2226
7133
7132 2226
7132
7131 2226
7131
7130 2226
7130
7129 2226
7129
7128 2226
7128
7127 2226
7127
7126 2226
7126
7125 2226
7125
7124 2226
7124
7123 2226
7123
7122 2226
7122
7121 2226
7121
7120 2226
7120
7119 2226
7119
7118 2226
7118
7117 2226
7117
7116 2226
7116
7115 2226
7115
7114 2226
7114
7113 2226
7113
7112 2226
7112
7111 2226
7111
7110 2226
7110
7109 2226
7109
7108 2226
7108
7107 2226
7107
7106 2226
7106
7105 2226
7105
7104 2226
7104
7103 2226
7103
7102 2226
7102
7101 2226
7101
7100 2226
7100
7099 2226
7099
7098 2226
7098
7097 2226
7097
7096 2226
7096
7095 2226
7095
7094 2226
7094
7093 2226
7093
7092 2226
7092
7091 2226
7091
7090 2226
7090
7089 2226
7089
7088 2226
7088
7087 2226
7087
7086 2226
7086
7085 2226
7085
7084 2226
7084
7083 2226
7083
7082 2226
7082
7081 2226
7081
7080 2226
7080
7079 2226
7079
7078 2226
7078
7077 2226
7077
7076 2226
7076
7075 2226
7075
7074 2226
7074
7073 2226
7073
7072 2226
7072
7071 2226
7071
7070 2226
7070
7069 2226
7069
7068 2226
7068
7067 2226
7067
7066 2226
7066
7065 2226
7065
7064 2226
7064
7063 2226
7063
7062 2226
7062
7061 2226
7061
7060 2226
7060
7059 2226
7059
7058 2226
7058
7057 2226
7057
7056 2226
7056
7055 2226
7055
7054 2226
7054
7053 2226
7053
7052 2226
7052
7051 2226
7051
7050 2226
7050
7049 2226
7049
7048 2226
7048
7047 2226
7047
7046 2226
7046
7045 2226
7045
7044 2226
7044
7043 2226
7043
7042 2226
7042
7041 2226
7041
7040 2226
7040
7039 2226
7039
7038 2226
7038
7037 2226
7037
7036 2226
7036
7035 2226
7035
7034 2226
7034
7033 2226
7033
7032 2226
7032
7031 2226
7031
7030 2226
7030
7029 2226
7029
7028 2226
7028
7027 2226
7027
7026 2226
7026
7025 2226
7025
7024 2226
7024
7023 2226
7023
7022 2226
7022
7021 2226
7021
7020 2226
7020
7019 2226
7019
7018 2226
7018
7017 2226
7017
7016 2226
7016
7015 2226
7015
7014 2226
7014
7013 2226
7013
7012 2226
7012
7011 2226
7011
7010 2226
7010
7009 2226
7009
7008 2226
7008
7007 2226
7007
7006 2226
7006
7005 2226
7005
7004 2226
7004
7003 2226
7003
7002 2226
7002
7001 2226
7001
7000 2226
7000
6999 2226
6999
6998 2226
6998
6997 2226
6997
6996 2226
6996
6995 2226
6995
6994 2226
6994
6993 2226
6993
6992 2226
6992
6991 2226
6991
6990 2226
6990
6989 2226
6989
6988 2226
6988
6987 2226
6987
6986 2226
6986
6985 2226
6985
6984 2226
6984
6983 2226
6983
6982 2226
6982
6981 2226
6981
6980 2226
6980
6979 2226
6979
6978 2226
6978
6977 2226
6977
6976 2226
6976
6975 2226
6975
6974 2226
6974
6973 2226
6973
6972 2226
6972
6971 2226
6971
6970 2226
6970
6969 2226
6969
6968 2226
6968
6967 2226
6967
6966 2226
6966
6965 2226
6965
6964 2226
6964
6963 2226
6963
6962 2226
6962
6961 2226
6961
6960 2226
6960
6959 2226
6959
6958 2226
6958
6957 2226
6957
6956 2226
6956
6955 2226
6955
6954 2226
6954
6953 2226
6953
6952 2226
6952
6951 2226
6951
6950 2226
6950
6949 2226
6949
6948 2226
6948
6947 2226
6947
6946 2226
6946
6945 2226
6945
6944 2226
6944
6943 2226
6943
6942 2226
6942
6941 2226
6941
6940 2226
6940
6939 2226
6939
6938 2226
6938
6937 2226
6937
6936 2226
6936
6935 2226
6935
6934 2226
6934
6933 2226
6933
6932 2226
6932
6931 2226
6931
6930 2226
6930
6929 2226
6929
6928 2226
6928
6927 2226
6927
6926 2226
6926
6925 2226
6925
6924 2226
6924
6923 2226
6923
6922 2226
6922
6921 2226
6921
6920 2226
6920
6919 2226
6919
6918 2226
6918
6917 2226
6917
6916 2226
6916
6915 2226
6915
6914 2226
6914
6913 2226
6913
6912 2226
6912
6911 2226
6911
6910 2226
6910
6909 2226
6909
6908 2226
6908
6907 2226
6907
6906 2226
6906
6905 2226
6905
6904 2226
6904
6903 2226
6903
6902 2226
6902
6901 2226
6901
6900 2226
6900
6899 2226
6899
6898 2226
6898
6897 2226
6897
6896 2226
6896
6895 2226
6895
6894 2226
6894
6893 2226
6893
6892 2226
6892
6891 2226
6891
6890 2226
6890
6889 2226
6889
6888 2226
6888
6887 2226
6887
6886 2226
6886
6885 2226
6885
6884 2226
6884
6883 2226
6883
6882 2226
6882
6881 2226
6881
6880 2226
6880
6879 2226
6879
6878 2226
6878
6877 2226
6877
6876 2226
6876
6875 2226
6875
6874 2226
6874
6873 2226
6873
6872 2226
6872
6871 2226
6871
6870 2226
6870
6869 2226
6869
6868 2226
6868
6867 2226
6867
6866 2226
6866
6865 2226
6865
6864 2226
6864
6863 2226
6863
6862 2226
6862
6861 2226
6861
6860 2226
6860
6859 2226
6859
6858 2226
6858
6857 2226
6857
6856 2226
6856
6855 2226
6855
6854 2226
6854
6853 2226
6853
6852 2226
6852
6851 2226
6851
6850 2226
6850
6849 2226
6849
6848 2226
6848
6847 2226
6847
6846 2226
6846
6845 2226
6845
6844 2226
6844
6843 2226
6843
6842 2226
6842
6841 2226
6841
6840 2226
6840
6839 2226
6839
6838 2226
6838
6837 2226
6837
6836 2226
6836
6835 2226
6835
6834 2226
6834
6833 2226
6833
6832 2226
6832
6831 2226
6831
6830 2226
6830
6829 2226
6829
6828 2226
6828
6827 2226
6827
6826 2226
6826
6825 2226
6825
6824 2226
6824
6823 2226
6823
6822 2226
6822
6821 2226
6821
6820 2226
6820
6819 2226
6819
6818 2226
6818
6817 2226
6817
6816 2226
6816
6815 2226
6815
6814 2226
6814
6813 2226
6813
6812 2226
6812
6811 2226
6811
6810 2226
6810
6809 2226
6809
6808 2226
6808
6807 2226
6807
6806 2226
6806
6805 2226
6805
6804 2226
6804
6803 2226
6803
6802 2226
6802
6801 2226
6801
6800 2226
6800
6799 2226
6799
6798 2226
6798
6797 2226
6797
6796 2226
6796
6795 2226
6795
6794 2226
6794
6793 2226
6793
6792 2226
6792
6791 2226
6791
6790 2226
6790
6789 2226
6789
6788 2226
6788
6787 2226
6787
6786 2226
6786
6785 2226
6785
6784 2226
6784
6783 2226
6783
6782 2226
6782
6781 2226
6781
6780 2226
6780
6779 2226
6779
6778 2226
6778
6777 2226
6777
6776 2226
6776
6775 2226
6775
6774 2226
6774
6773 2226
6773
6772 2226
6772
6771 2226
6771
6770 2226
6770
6769 2226
6769
6768 2226
6768
6767 2226
6767
6766 2226
6766
6765 2226
6765
6764 2226
6764
6763 2226
6763
6762 2226
6762
6761 2226
6761
6760 2226
6760
6759 2226
6759
6758 2226
6758
6757 2226
6757
6756 2226
6756
6755 2226
6755
6754 2226
6754
6753 2226
6753
6752 2226
6752
6751 2226
6751
6750 2226
6750
6749 2226
6749
6748 2226
6748
6747 2226
6747
6746 2226
6746
6745 2226
6745
6744 2226
6744
6743 2226
6743
6742 2226
6742
6741 2226
6741
6740 2226
6740
6739 2226
6739
6738 2226
6738
6737 2226
6737
6736 2226
6736
6735 2226
6735
6734 2226
6734
6733 2226
6733
6732 2226
6732
6731 2226
6731
6730 2226
6730
6729 2226
6729
6728 2226
6728
6727 2226
6727
6726 2226
6726
6725 2226
6725
6724 2226
6724
6723 2226
6723
6722 2226
6722
6721 2226
6721
6720 2226
6720
6719 2226
6719
6718 2226
6718
6717 2226
6717
6716 2226
6716
6715 2226
6715
6714 2226
6714
6713 2226
6713
6712 2226
6712
6711 2226
6711
6710 2226
6710
6709 2226
6709
6708 2226
6708
6707 2226
6707
6706 2226
6706
6705 2226
6705
6704 2226
6704
6703 2226
6703
6702 2226
6702
6701 2226
6701
6700 2226
6700
6699 2226
6699
6698 2226
6698
6697 2226
6697
6696 2226
6696
6695 2226
6695
6694 2226
6694
6693 2226
6693
6692 2226
6692
6691 2226
6691
6690 2226
6690
6689 2226
6689
6688 2226
6688
6687 2226
6687
6686 2226
6686
6685 2226
6685
6684 2226
6684
6683 2226
6683
6682 2226
6682
6681 2226
6681
6680 2226
6680
6679 2226
6679
6678 2226
6678
6677 2226
6677
6676 2226
6676
6675 2226
6675
6674 2226
6674
6673 2226
6673
6672 2226
6672
6671 2226
6671
6670 2226
6670
6669 2226
6669
6668 2226
6668
6667 2226
6667
6666 2226
6666
6665 2226
6665
6664 2226
6664
6663 2226
6663
6662 2226
6662
6661 2226
6661
6660 2226
6660
6659 2226
6659
6658 2226
6658
6657 2226
6657
6656 2226
6656
6655 2226
6655
6654 2226
6654
6653 2226
6653
6652 2226
6652
6651 2226
6651
6650 2226
6650
6649 2226
6649
6648 2226
6648
6647 2226
6647
6646 2226
6646
6645 2226
6645
6644 2226
6644
6643 2226
6643
6642 2226
6642
6641 2226
6641
6640 2226
6640
6639 2226
6639
6638 2226
6638
6637 2226
6637
6636 2226
6636
6635 2226
6635
6634 2226
6634
6633 2226
6633
6632 2226
6632
6631 2226
6631
6630 2226
6630
6629 2226
6629
6628 2226
6628
6627 2226
6627
6626 2226
6626
6625 2226
6625
6624 2226
6624
6623 2226
6623
6622 2226
6622
6621 2226
6621
6620 2226
6620
6619 2226
6619
6618 2226
6618
6617 2226
6617
6616 2226
6616
6615 2226
6615
6614 2226
6614
6613 2226
6613
6612 2226
6612
6611 2226
6611
6610 2226
6610
6609 2226
6609
6608 2226
6608
6607 2226
6607
6606 2226
6606
6605 2226
6605
6604 2226
6604
6603 2226
6603
6602 2226
6602
6601 2226
6601
6600 2226
6600
6599 2226
6599
6598 2226
6598
6597 2226
6597
6596 2226
6596
6595 2226
6595
6594 2226
6594
6593 2226
6593
6592 2226
6592
6591 2226
6591
6590 2226
6590
6589 2226
6589
6588 2226
6588
6587 2226
6587
6586 2226
6586
6585 2226
6585
6584 2226
6584
6583 2226
6583
6582 2226
6582
6581 2226
6581
6580 2226
6580
6579 2226
6579
6578 2226
6578
6577 2226
6577
6576 2226
6576
6575 2226
6575
6574 2226
6574
6573 2226
6573
6572 2226
6572
6571 2226
6571
6570 2226
6570
6569 2226
6569
6568 2226
6568
6567 2226
6567
6566 2226
6566
6565 2226
6565
6564 2226
6564
6563 2226
6563
6562 2226
6562
6561 2226
6561
6560 2226
6560
6559 2226
6559
6558 2226
6558
6557 2226
6557
6556 2226
6556
6555 2226
6555
6554 2226
6554
6553 2226
6553
6552 2226
6552
6551 2226
6551
6550 2226
6550
6549 2226
6549
6548 2226
6548
6547 2226
6547
6546 2226
6546
6545 2226
6545
6544 2226
6544
6543 2226
6543
6542 2226
6542
6541 2226
6541
6540 2226
6540
6539 2226
6539
6538 2226
6538
6537 2226
6537
6536 2226
6536
6535 2226
6535
6534 2226
6534
6533 2226
6533
6532 2226
6532
6531 2226
6531
6530 2226
6530
6529 2226
6529
6528 2226
6528
6527 2226
6527
6526 2226
6526
6525 2226
6525
6524 2226
6524
6523 2226
6523
6522 2226
6522
6521 2226
6521
6520 2226
6520
6519 2226
6519
6518 2226
6518
6517 2226
6517
6516 2226
6516
6515 2226
6515
6514 2226
6514
6513 2226
6513
6512 2226
6512
6511 2226
6511
6510 2226
6510
6509 2226
6509
6508 2226
6508
6507 2226
6507
6506 2226
6506
6505 2226
6505
6504 2226
6504
6503 2226
6503
6502 2226
6502
6501 2226
6501
6500 2226
6500
6499 2226
6499
6498 2226
6498
6497 2226
6497
6496 2226
6496
6495 2226
6495
6494 2226
6494
6493 2226
6493
6492 2226
6492
6491 2226
6491
6490 2226
6490
6489 2226
6489
6488 2226
6488
6487 2226
6487
6486 2226
6486
6485 2226
6485
6484 2226
6484
6483 2226
6483
6482 2226
6482
6481 2226
6481
6480 2226
6480
6479 2226
6479
6478 2226
6478
6477 2226
6477
6476 2226
6476
6475 2226
6475
6474 2226
6474
6473 2226
6473
6472 2226
6472
6471 2226
6471
6470 2226
6470
6469 2226
6469
6468 2226
6468
6467 2226
6467
6466 2226
6466
6465 2226
6465
6464 2226
6464
6463 2226
6463
6462 2226
6462
6461 2226
6461
6460 2226
6460
6459 2226
6459
6458 2226
6458
6457 2226
6457
6456 2226
6456
6455 2226
6455
6454 2226
6454
6453 2226
6453
6452 2226
6452
6451 2226
6451
6450 2226
6450
6449 2226
6449
6448 2226
6448
6447 2226
6447
6446 2226
6446
6445 2226
6445
6444 2226
6444
6443 2226
6443
6442 2226
6442
6441 2226
6441
6440 2226
6440
6439 2226
6439
6438 2226
6438
6437 2226
6437
6436 2226
6436
6435 2226
6435
6434 2226
6434
6433 2226
6433
6432 2226
6432
6431 2226
6431
6430 2226
6430
6429 2226
6429
6428 2226
6428
6427 2226
6427
6426 2226
6426
6425 2226
6425
6424 2226
6424
6423 2226
6423
6422 2226
6422
6421 2226
6421
6420 2226
6420
6419 2226
6419
6418 2226
6418
6417 2226
6417
6416 2226
6416
6415 2226
6415
6414 2226
6414
6413 2226
6413
6412 2226
6412
6411 2226
6411
6410 2226
6410
6409 2226
6409
6408 2226
6408
6407 2226
6407
6406 2226
6406
6405 2226
6405
6404 2226
6404
6403 2226
6403
6402 2226
6402
6401 2226
6401
6400 2226
6400
6399 2226
6399
6398 2226
6398
6397 2226
6397
6396 2226
6396
6395 2226
6395
6394 2226
6394
6393 2226
6393
6392 2226
6392
6391 2226
6391
6390 2226
6390
6389 2226
6389
6388 2226
6388
6387 2226
6387
6386 2226
6386
6385 2226
6385
6384 2226
6384
6383 2226
6383
6382 2226
6382
6381 2226
6381
6380 2226
6380
6379 2226
6379
6378 2226
6378
6377 2226
6377
6376 2226
6376
6375 2226
6375
6374 2226
6374
6373 2226
6373
6372 2226
6372
6371 2226
6371
6370 2226
6370
6369 2226
6369
6368 2226
6368
6367 2226
6367
6366 2226
6366
6365 2226
6365
6364 2226
6364
6363 2226
6363
6362 2226
6362
6361 2226
6361
6360 2226
6360
6359 2226
6359
6358 2226
6358
6357 2226
6357
6356 2226
6356
6355 2226
6355
6354 2226
6354
6353 2226
6353
6352 2226
6352
6351 2226
6351
6350 2226
6350
6349 2226
6349
6348 2226
6348
6347 2226
6347
6346 2226
6346
6345 2226
6345
6344 2226
6344
6343 2226
6343
6342 2226
6342
6341 2226
6341
6340 2226
6340
6339 2226
6339
6338 2226
6338
6337 2226
6337
6336 2226
6336
6335 2226
6335
6334 2226
6334
6333 2226
6333
6332 2226
6332
6331 2226
6331
6330 2226
6330
6329 2226
6329
6328 2226
6328
6327 2226
6327
6326 2226
6326
6325 2226
6325
6324 2226
6324
6323 2226
6323
6322 2226
6322
6321 2226
6321
6320 2226
6320
6319 2226
6319
6318 2226
6318
6317 2226
6317
6316 2226
6316
6315 2226
6315
6314 2226
6314
6313 2226
6313
6312 2226
6312
6311 2226
6311
6310 2226
6310
6309 2226
6309
6308 2226
6308
6307 2226
6307
6306 2226
6306
6305 2226
6305
6304 2226
6304
6303 2226
6303
6302 2226
6302
6301 2226
6301
6300 2226
6300
6299 2226
6299
6298 2226
6298
6297 2226
6297
6296 2226
6296
6295 2226
6295
6294 2226
6294
6293 2226
6293
6292 2226
6292
6291 2226
6291
6290 2226
6290
6289 2226
6289
6288 2226
6288
6287 2226
6287
6286 2226
6286
6285 2226
6285
6284 2226
6284
6283 2226
6283
6282 2226
6282
6281 2226
6281
6280 2226
6280
6279 2226
6279
6278 2226
6278
6277 2226
6277
6276 2226
6276
6275 2226
6275
6274 2226
6274
6273 2226
6273
6272 2226
6272
6271 2226
6271
6270 2226
6270
6269 2226
6269
6268 2226
6268
6267 2226
6267
6266 2226
6266
6265 2226
6265
6264 2226
6264
6263 2226
6263
6262 2226
6262
6261 2226
6261
6260 2226
6260
6259 2226
6259
6258 2226
6258
6257 2226
6257
6256 2226
6256
6255 2226
6255
6254 2226
6254
6253 2226
6253
6252 2226
6252
6251 2226
6251
6250 2226
6250
6249 2226
6249
6248 2226
6248
6247 2226
6247
6246 2226
6246
6245 2226
6245
6244 2226
6244
6243 2226
6243
6242 2226
6242
6241 2226
6241
6240 2226
6240
6239 2226
6239
6238 2226
6238
6237 2226
6237
6236 2226
6236
6235 2226
6235
6234 2226
6234
6233 2226
6233
6232 2226
6232
6231 2226
6231
6230 2226
6230
6229 2226
6229
6228 2226
6228
6227 2226
6227
6226 2226
6226
6225 2226
6225
6224 2226
6224
6223 2226
6223
6222 2226
6222
6221 2226
6221
6220 2226
6220
6219 2226
6219
6218 2226
6218
6217 2226
6217
6216 2226
6216
6215 2226
6215
6214 2226
6214
6213 2226
6213
6212 2226
6212
6211 2226
6211
6210 2226
6210
6209 2226
6209
6208 2226
6208
6207 2226
6207
6206 2226
6206
6205 2226
6205
6204 2226
6204
6203 2226
6203
6202 2226
6202
6201 2226
6201
6200 2226
6200
6199 2226
6199
6198 2226
6198
6197 2226
6197
6196 2226
6196
6195 2226
6195
6194 2226
6194
6193 2226
6193
6192 2226
6192
6191 2226
6191
6190 2226
6190
6189 2226
6189
6188 2226
6188
6187 2226
6187
6186 2226
6186
6185 2226
6185
6184 2226
6184
6183 2226
6183
6182 2226
6182
6181 2226
6181
6180 2226
6180
6179 2226
6179
6178 2226
6178
6177 2226
6177
6176 2226
6176
6175 2226
6175
6174 2226
6174
6173 2226
6173
6172 2226
6172
6171 2226
6171
6170 2226
6170
6169 2226
6169
6168 2226
6168
6167 2226
6167
6166 2226
6166
6165 2226
6165
6164 2226
6164
6163 2226
6163
6162 2226
6162
6161 2226
6161
6160 2226
6160
6159 2226
6159
6158 2226
6158
6157 2226
6157
6156 2226
6156
6155 2226
6155
6154 2226
6154
6153 2226
6153
6152 2226
6152
6151 2226
6151
6150 2226
6150
6149 2226
6149
6148 2226
6148
6147 2226
6147
6146 2226
6146
6145 2226
6145
6144 2226
6144
6143 2226
6143
6142 2226
6142
6141 2226
6141
6140 2226
6140
6139 2226
6139
6138 2226
6138
6137 2226
6137
6136 2226
6136
6135 2226
6135
6134 2226
6134
6133 2226
6133
6132 2226
6132
6131 2226
6131
6130 2226
6130
6129 2226
6129
6128 2226
6128
6127 2226
6127
6126 2226
6126
6125 2226
6125
6124 2226
6124
6123 2226
6123
6122 2226
6122
6121 2226
6121
6120 2226
6120
6119 2226
6119
6118 2226
6118
6117 2226
6117
6116 2226
6116
6115 2226
6115
6114 2226
6114
6113 2226
6113
6112 2226
6112
6111 2226
6111
6110 2226
6110
6109 2226
6109
6108 2226
6108
6107 2226
6107
6106 2226
6106
6105 2226
6105
6104 2226
6104
6103 2226
6103
6102 2226
6102
6101 2226
6101
6100 2226
6100
6099 2226
6099
6098 2226
6098
6097 2226
6097
6096 2226
6096
6095 2226
6095
6094 2226
6094
6093 2226
6093
6092 2226
6092
6091 2226
6091
6090 2226
6090
6089 2226
6089
6088 2226
6088
6087 2226
6087
6086 2226
6086
6085 2226
6085
6084 2226
6084
6083 2226
6083
6082 2226
6082
6081 2226
6081
6080 2226
6080
6079 2226
6079
6078 2226
6078
6077 2226
6077
6076 2226
6076
6075 2226
6075
6074 2226
6074
6073 2226
6073
6072 2226
6072
6071 2226
6071
6070 2226
6070
6069 2226
6069
6068 2226
6068
6067 2226
6067
6066 2226
6066
6065 2226
6065
6064 2226
6064
6063 2226
6063
6062 2226
6062
6061 2226
6061
6060 2226
6060
6059 2226
6059
6058 2226
6058
6057 2226
6057
6056 2226
6056
6055 2226
6055
6054 2226
6054
6053 2226
6053
6052 2226
6052
6051 2226
6051
6050 2226
6050
6049 2226
6049
6048 2226
6048
6047 2226
6047
6046 2226
6046
6045 2226
6045
6044 2226
6044
6043 2226
6043
6042 2226
6042
6041 2226
6041
6040 2226
6040
6039 2226
6039
6038 2226
6038
6037 2226
6037
6036 2226
6036
6035 2226
6035
6034 2226
6034
6033 2226
6033
6032 2226
6032
6031 2226
6031
6030 2226
6030
6029 2226
6029
6028 2226
6028
6027 2226
6027
6026 2226
6026
6025 2226
6025
6024 2226
6024
6023 2226
6023
6022 2226
6022
6021 2226
6021
6020 2226
6020
6019 2226
6019
6018 2226
6018
6017 2226
6017
6016 2226
6016
6015 2226
6015
6014 2226
6014
6013 2226
6013
6012 2226
6012
6011 2226
6011
6010 2226
6010
6009 2226
6009
6008 2226
6008
6007 2226
6007
6006 2226
6006
6005 2226
6005
6004 2226
6004
6003 2226
6003
6002 2226
6002
6001 2226
6001
6000 2226
6000
5999 2226
5999
5998 2226
5998
5997 2226
5997
5996 2226
5996
5995 2226
5995
5994 2226
5994
5993 2226
5993
5992 2226
5992
5991 2226
5991
5990 2226
5990
5989 2226
5989
5988 2226
5988
5987 2226
5987
5986 2226
5986
5985 2226
5985
5984 2226
5984
5983 2226
5983
5982 2226
5982
5981 2226
5981
5980 2226
5980
5979 2226
5979
5978 2226
5978
5977 2226
5977
5976 2226
5976
5975 2226
5975
5974 2226
5974
5973 2226
5973
5972 2226
5972
5971 2226
5971
5970 2226
5970
5969 2226
5969
5968 2226
5968
5967 2226
5967
5966 2226
5966
5965 2226
5965
5964 2226
5964
5963 2226
5963
5962 2226
5962
5961 2226
5961
5960 2226
5960
5959 2226
5959
5958 2226
5958
5957 2226
5957
5956 2226
5956
5955 2226
5955
5954 2226
5954
5953 2226
5953
5952 2226
5952
5951 2226
5951
5950 2226
5950
5949 2226
5949
5948 2226
5948
5947 2226
5947
5946 2226
5946
5945 2226
5945
5944 2226
5944
5943 2226
5943
5942 2226
5942
5941 2226
5941
5940 2226
5940
5939 2226
5939
5938 2226
5938
5937 2226
5937
5936 2226
5936
5935 2226
5935
5934 2226
5934
5933 2226
5933
5932 2226
5932
5931 2226
5931
5930 2226
5930
5929 2226
5929
5928 2226
5928
5927 2226
5927
5926 2226
5926
5925 2226
5925
5924 2226
5924
5923 2226
5923
5922 2226
5922
5921 2226
5921
5920 2226
5920
5919 2226
5919
5918 2226
5918
5917 2226
5917
5916 2226
5916
5915 2226
5915
5914 2226
5914
5913 2226
5913
5912 2226
5912
5911 2226
5911
5910 2226
5910
5909 2226
5909
5908 2226
5908
5907 2226
5907
5906 2226
5906
5905 2226
5905
5904 2226
5904
5903 2226
5903
5902 2226
5902
5901 2226
5901
5900 2226
5900
5899 2226
5899
5898 2226
5898
5897 2226
5897
5896 2226
5896
5895 2226
5895
5894 2226
5894
5893 2226
5893
5892 2226
5892
5891 2226
5891
5890 2226
5890
5889 2226
5889
5888 2226
5888
5887 2226
5887
5886 2226
5886
5885 2226
5885
5884 2226
5884
5883 2226
5883
5882 2226
5882
5881 2226
5881
5880 2226
5880
5879 2226
5879
5878 2226
5878
5877 2226
5877
5876 2226
5876
5875 2226
5875
5874 2226
5874
5873 2226
5873
5872 2226
5872
5871 2226
5871
5870 2226
5870
5869 2226
5869
5868 2226
5868
5867 2226
5867
5866 2226
5866
5865 2226
5865
5864 2226
5864
5863 2226
5863
5862 2226
5862
5861 2226
5861
5860 2226
5860
5859 2226
5859
5858 2226
5858
5857 2226
5857
5856 2226
5856
5855 2226
5855
5854 2226
5854
5853 2226
5853
5852 2226
5852
5851 2226
5851
5850 2226
5850
5849 2226
5849
5848 2226
5848
5847 2226
5847
5846 2226
5846
5845 2226
5845
5844 2226
5844
5843 2226
5843
5842 2226
5842
5841 2226
5841
5840 2226
5840
5839 2226
5839
5838 2226
5838
5837 2226
5837
5836 2226
5836
5835 2226
5835
5834 2226
5834
5833 2226
5833
5832 2226
5832
5831 2226
5831
5830 2226
5830
5829 2226
5829
5828 2226
5828
5827 2226
5827
5826 2226
5826
5825 2226
5825
5824 2226
5824
5823 2226
5823
5822 2226
5822
5821 2226
5821
5820 2226
5820
5819 2226
5819
5818 2226
5818
5817 2226
5817
5816 2226
5816
5815 2226
5815
5814 2226
5814
5813 2226
5813
5812 2226
5812
5811 2226
5811
5810 2226
5810
5809 2226
5809
5808 2226
5808
5807 2226
5807
5806 2226
5806
5805 2226
5805
5804 2226
5804
5803 2226
5803
5802 2226
5802
5801 2226
5801
5800 2226
5800
5799 2226
5799
5798 2226
5798
5797 2226
5797
5796 2226
5796
5795 2226
5795
5794 2226
5794
5793 2226
5793
5792 2226
5792
5791 2226
5791
5790 2226
5790
5789 2226
5789
5788 2226
5788
5787 2226
5787
5786 2226
5786
5785 2226
5785
5784 2226
5784
5783 2226
5783
5782 2226
5782
5781 2226
5781
5780 2226
5780
5779 2226
5779
5778 2226
5778
5777 2226
5777
5776 2226
5776
5775 2226
5775
5774 2226
5774
5773 2226
5773
5772 2226
5772
5771 2226
5771
5770 2226
5770
5769 2226
5769
5768 2226
5768
5767 2226
5767
5766 2226
5766
5765 2226
5765
5764 2226
5764
5763 2226
5763
5762 2226
5762
5761 2226
5761
5760 2226
5760
5759 2226
5759
5758 2226
5758
5757 2226
5757
5756 2226
5756
5755 2226
5755
5754 2226
5754
5753 2226
5753
5752 2226
5752
5751 2226
5751
5750 2226
5750
5749 2226
5749
5748 2226
5748
5747 2226
5747
5746 2226
5746
5745 2226
5745
5744 2226
5744
5743 2226
5743
5742 2226
5742
5741 2226
5741
5740 2226
5740
5739 2226
5739
5738 2226
5738
5737 2226
5737
5736 2226
5736
5735 2226
5735
5734 2226
5734
5733 2226
5733
5732 2226
5732
5731 2226
5731
5730 2226
5730
5729 2226
5729
5728 2226
5728
5727 2226
5727
5726 2226
5726
5725 2226
5725
5724 2226
5724
5723 2226
5723
5722 2226
5722
5721 2226
5721
5720 2226
5720
5719 2226
5719
5718 2226
5718
5717 2226
5717
5716 2226
5716
5715 2226
5715
5714 2226
5714
5713 2226
5713
5712 2226
5712
5711 2226
5711
5710 2226
5710
5709 2226
5709
5708 2226
5708
5707 2226
5707
5706 2226
5706
5705 2226
5705
5704 2226
5704
5703 2226
5703
5702 2226
5702
5701 2226
5701
5700 2226
5700
5699 2226
5699
5698 2226
5698
5697 2226
5697
5696 2226
5696
5695 2226
5695
5694 2226
5694
5693 2226
5693
5692 2226
5692
5691 2226
5691
5690 2226
5690
5689 2226
5689
5688 2226
5688
5687 2226
5687
5686 2226
5686
5685 2226
5685
5684 2226
5684
5683 2226
5683
5682 2226
5682
5681 2226
5681
5680 2226
5680
5679 2226
5679
5678 2226
5678
5677 2226
5677
5676 2226
5676
5675 2226
5675
5674 2226
5674
5673 2226
5673
5672 2226
5672
5671 2226
5671
5670 2226
5670
5669 2226
5669
5668 2226
5668
5667 2226
5667
5666 2226
5666
5665 2226
5665
5664 2226
5664
5663 2226
5663
5662 2226
5662
5661 2226
5661
5660 2226
5660
5659 2226
5659
5658 2226
5658
5657 2226
5657
5656 2226
5656
5655 2226
5655
5654 2226
5654
5653 2226
5653
5652 2226
5652
5651 2226
5651
5650 2226
5650
5649 2226
5649
5648 2226
5648
5647 2226
5647
5646 2226
5646
5645 2226
5645
5644 2226
5644
5643 2226
5643
5642 2226
5642
5641 2226
5641
5640 2226
5640
5639 2226
5639
5638 2226
5638
5637 2226
5637
5636 2226
5636
5635 2226
5635
5634 2226
5634
5633 2226
5633
5632 2226
5632
5631 2226
5631
5630 2226
5630
5629 2226
5629
5628 2226
5628
5627 2226
5627
5626 2226
5626
5625 2226
5625
5624 2226
5624
5623 2226
5623
5622 2226
5622
5621 2226
5621
5620 2226
5620
5619 2226
5619
5618 2226
5618
5617 2226
5617
5616 2226
5616
5615 2226
5615
5614 2226
5614
5613 2226
5613
5612 2226
5612
5611 2226
5611
5610 2226
5610
5609 2226
5609
5608 2226
5608
5607 2226
5607
5606 2226
5606
5605 2226
5605
5604 2226
5604
5603 2226
5603
5602 2226
5602
5601 2226
5601
5600 2226
5600
5599 2226
5599
5598 2226
5598
5597 2226
5597
5596 2226
5596
5595 2226
5595
5594 2226
5594
5593 2226
5593
5592 2226
5592
5591 2226
5591
5590 2226
5590
5589 2226
5589
5588 2226
5588
5587 2226
5587
5586 2226
5586
5585 2226
5585
5584 2226
5584
5583 2226
5583
5582 2226
5582
5581 2226
5581
5580 2226
5580
5579 2226
5579
5578 2226
5578
5577 2226
5577
5576 2226
5576
5575 2226
5575
5574 2226
5574
5573 2226
5573
5572 2226
5572
5571 2226
5571
5570 2226
5570
5569 2226
5569
5568 2226
5568
5567 2226
5567
5566 2226
5566
5565 2226
5565
5564 2226
5564
5563 2226
5563
5562 2226
5562
5561 2226
5561
5560 2226
5560
5559 2226
5559
5558 2226
5558
5557 2226
5557
5556 2226
5556
5555 2226
5555
5554 2226
5554
5553 2226
5553
5552 2226
5552
5551 2226
5551
5550 2226
5550
5549 2226
5549
5548 2226
5548
5547 2226
5547
5546 2226
5546
5545 2226
5545
5544 2226
5544
5543 2226
5543
5542 2226
5542
5541 2226
5541
5540 2226
5540
5539 2226
5539
5538 2226
5538
5537 2226
5537
5536 2226
5536
5535 2226
5535
5534 2226
5534
5533 2226
5533
5532 2226
5532
5531 2226
5531
5530 2226
5530
5529 2226
5529
5528 2226
5528
5527 2226
5527
5526 2226
5526
5525 2226
5525
5524 2226
5524
5523 2226
5523
5522 2226
5522
5521 2226
5521
5520 2226
5520
5519 2226
5519
5518 2226
5518
5517 2226
5517
5516 2226
5516
5515 2226
5515
5514 2226
5514
5513 2226
5513
5512 2226
5512
5511 2226
5511
5510 2226
5510
5509 2226
5509
5508 2226
5508
5507 2226
5507
5506 2226
5506
5505 2226
5505
5504 2226
5504
5503 2226
5503
5502 2226
5502
5501 2226
5501
5500 2226
5500
5499 2226
5499
5498 2226
5498
5497 2226
5497
5496 2226
5496
5495 2226
5495
5494 2226
5494
5493 2226
5493
5492 2226
5492
5491 2226
5491
5490 2226
5490
5489 2226
5489
5488 2226
5488
5487 2226
5487
5486 2226
5486
5485 2226
5485
5484 2226
5484
5483 2226
5483
5482 2226
5482
5481 2226
5481
5480 2226
5480
5479 2226
5479
5478 2226
5478
5477 2226
5477
5476 2226
5476
5475 2226
5475
5474 2226
5474
5473 2226
5473
5472 2226
5472
5471 2226
5471
5470 2226
5470
5469 2226
5469
5468 2226
5468
5467 2226
5467
5466 2226
5466
5465 2226
5465
5464 2226
5464
5463 2226
5463
5462 2226
5462
5461 2226
5461
5460 2226
5460
5459 2226
5459
5458 2226
5458
5457 2226
5457
5456 2226
5456
5455 2226
5455
5454 2226
5454
5453 2226
5453
5452 2226
5452
5451 2226
5451
5450 2226
5450
5449 2226
5449
5448 2226
5448
5447 2226
5447
5446 2226
5446
5445 2226
5445
5444 2226
5444
5443 2226
5443
5442 2226
5442
5441 2226
5441
5440 2226
5440
5439 2226
5439
5438 2226
5438
5437 2226
5437
5436 2226
5436
5435 2226
5435
5434 2226
5434
5433 2226
5433
5432 2226
5432
5431 2226
5431
5430 2226
5430
5429 2226
5429
5428 2226
5428
5427 2226
5427
5426 2226
5426
5425 2226
5425
5424 2226
5424
5423 2226
5423
5422 2226
5422
5421 2226
5421
5420 2226
5420
5419 2226
5419
5418 2226
5418
5417 2226
5417
5416 2226
5416
5415 2226
5415
5414 2226
5414
5413 2226
5413
5412 2226
5412
5411 2226
5411
5410 2226
5410
5409 2226
5409
5408 2226
5408
5407 2226
5407
5406 2226
5406
5405 2226
5405
5404 2226
5404
5403 2226
5403
5402 2226
5402
5401 2226
5401
5400 2226
5400
5399 2226
5399
5398 2226
5398
5397 2226
5397
5396 2226
5396
5395 2226
5395
5394 2226
5394
5393 2226
5393
5392 2226
5392
5391 2226
5391
5390 2226
5390
5389 2226
5389
5388 2226
5388
5387 2226
5387
5386 2226
5386
5385 2226
5385
5384 2226
5384
5383 2226
5383
5382 2226
5382
5381 2226
5381
5380 2226
5380
5379 2226
5379
5378 2226
5378
5377 2226
5377
5376 2226
5376
5375 2226
5375
5374 2226
5374
5373 2226
5373
5372 2226
5372
5371 2226
5371
5370 2226
5370
5369 2226
5369
5368 2226
5368
5367 2226
5367
5366 2226
5366
5365 2226
5365
5364 2226
5364
5363 2226
5363
5362 2226
5362
5361 2226
5361
5360 2226
5360
5359 2226
5359
5358 2226
5358
5357 2226
5357
5356 2226
5356
5355 2226
5355
5354 2226
5354
5353 2226
5353
5352 2226
5352
5351 2226
5351
5350 2226
5350
5349 2226
5349
5348 2226
5348
5347 2226
5347
5346 2226
5346
5345 2226
5345
5344 2226
5344
5343 2226
5343
5342 2226
5342
5341 2226
5341
5340 2226
5340
5339 2226
5339
5338 2226
5338
5337 2226
5337
5336 2226
5336
5335 2226
5335
5334 2226
5334
5333 2226
5333
5332 2226
5332
5331 2226
5331
5330 2226
5330
5329 2226
5329
5328 2226
5328
5327 2226
5327
5326 2226
5326
5325 2226
5325
5324 2226
5324
5323 2226
5323
5322 2226
5322
5321 2226
5321
5320 2226
5320
5319 2226
5319
5318 2226
5318
5317 2226
5317
5316 2226
5316
5315 2226
5315
5314 2226
5314
5313 2226
5313
5312 2226
5312
5311 2226
5311
5310 2226
5310
5309 2226
5309
5308 2226
5308
5307 2226
5307
5306 2226
5306
5305 2226
5305
5304 2226
5304
5303 2226
5303
5302 2226
5302
5301 2226
5301
5300 2226
5300
5299 2226
5299
5298 2226
5298
5297 2226
5297
5296 2226
5296
5295 2226
5295
5294 2226
5294
5293 2226
5293
5292 2226
5292
5291 2226
5291
5290 2226
5290
5289 2226
5289
5288 2226
5288
5287 2226
5287
5286 2226
5286
5285 2226
5285
5284 2226
5284
5283 2226
5283
5282 2226
5282
5281 2226
5281
5280 2226
5280
5279 2226
5279
5278 2226
5278
5277 2226
5277
5276 2226
5276
5275 2226
5275
5274 2226
5274
5273 2226
5273
5272 2226
5272
5271 2226
5271
5270 2226
5270
5269 2226
5269
5268 2226
5268
5267 2226
5267
5266 2226
5266
5265 2226
5265
5264 2226
5264
5263 2226
5263
5262 2226
5262
5261 2226
5261
5260 2226
5260
5259 2226
5259
5258 2226
5258
5257 2226
5257
5256 2226
5256
5255 2226
5255
5254 2226
5254
5253 2226
5253
5252 2226
5252
5251 2226
5251
5250 2226
5250
5249 2226
5249
5248 2226
5248
5247 2226
5247
5246 2226
5246
5245 2226
5245
5244 2226
5244
5243 2226
5243
5242 2226
5242
5241 2226
5241
5240 2226
5240
5239 2226
5239
5238 2226
5238
5237 2226
5237
5236 2226
5236
5235 2226
5235
5234 2226
5234
5233 2226
5233
5232 2226
5232
5231 2226
5231
5230 2226
5230
5229 2226
5229
5228 2226
5228
5227 2226
5227
5226 2226
5226
5225 2226
5225
5224 2226
5224
5223 2226
5223
5222 2226
5222
5221 2226
5221
5220 2226
5220
5219 2226
5219
5218 2226
5218
5217 2226
5217
5216 2226
5216
5215 2226
5215
5214 2226
5214
5213 2226
5213
5212 2226
5212
5211 2226
5211
5210 2226
5210
5209 2226
5209
5208 2226
5208
5207 2226
5207
5206 2226
5206
5205 2226
5205
5204 2226
5204
5203 2226
5203
5202 2226
5202
5201 2226
5201
5200 2226
5200
5199 2226
5199
5198 2226
5198
5197 2226
5197
5196 2226
5196
5195 2226
5195
5194 2226
5194
5193 2226
5193
5192 2226
5192
5191 2226
5191
5190 2226
5190
5189 2226
5189
5188 2226
5188
5187 2226
5187
5186 2226
5186
5185 2226
5185
5184 2226
5184
5183 2226
5183
5182 2226
5182
5181 2226
5181
5180 2226
5180
5179 2226
5179
5178 2226
5178
5177 2226
5177
5176 2226
5176
5175 2226
5175
5174 2226
5174
5173 2226
5173
5172 2226
5172
5171 2226
5171
5170 2226
5170
5169 2226
5169
5168 2226
5168
5167 2226
5167
5166 2226
5166
5165 2226
5165
5164 2226
5164
5163 2226
5163
5162 2226
5162
5161 2226
5161
5160 2226
5160
5159 2226
5159
5158 2226
5158
5157 2226
5157
5156 2226
5156
5155 2226
5155
5154 2226
5154
5153 2226
5153
5152 2226
5152
5151 2226
5151
5150 2226
5150
5149 2226
5149
5148 2226
5148
5147 2226
5147
5146 2226
5146
5145 2226
5145
5144 2226
5144
5143 2226
5143
5142 2226
5142
5141 2226
5141
5140 2226
5140
5139 2226
5139
5138 2226
5138
5137 2226
5137
5136 2226
5136
5135 2226
5135
5134 2226
5134
5133 2226
5133
5132 2226
5132
5131 2226
5131
5130 2226
5130
5129 2226
5129
5128 2226
5128
5127 2226
5127
5126 2226
5126
5125 2226
5125
5124 2226
5124
5123 2226
5123
5122 2226
5122
5121 2226
5121
5120 2226
5120
5119 2226
5119
5118 2226
5118
5117 2226
5117
5116 2226
5116
5115 2226
5115
5114 2226
5114
5113 2226
5113
5112 2226
5112
5111 2226
5111
5110 2226
5110
5109 2226
5109
5108 2226
5108
5107 2226
5107
5106 2226
5106
5105 2226
5105
5104 2226
5104
5103 2226
5103
5102 2226
5102
5101 2226
5101
5100 2226
5100
5099 2226
5099
5098 2226
5098
5097 2226
5097
5096 2226
5096
5095 2226
5095
5094 2226
5094
5093 2226
5093
5092 2226
5092
5091 2226
5091
5090 2226
5090
5089 2226
5089
5088 2226
5088
5087 2226
5087
5086 2226
5086
5085 2226
5085
5084 2226
5084
5083 2226
5083
5082 2226
5082
5081 2226
5081
5080 2226
5080
5079 2226
5079
5078 2226
5078
5077 2226
5077
5076 2226
5076
5075 2226
5075
5074 2226
5074
5073 2226
5073
5072 2226
5072
5071 2226
5071
5070 2226
5070
5069 2226
5069
5068 2226
5068
5067 2226
5067
5066 2226
5066
5065 2226
5065
5064 2226
5064
5063 2226
5063
5062 2226
5062
5061 2226
5061
5060 2226
5060
5059 2226
5059
5058 2226
5058
5057 2226
5057
5056 2226
5056
5055 2226
5055
5054 2226
5054
5053 2226
5053
5052 2226
5052
5051 2226
5051
5050 2226
5050
5049 2226
5049
5048 2226
5048
5047 2226
5047
5046 2226
5046
5045 2226
5045
5044 2226
5044
5043 2226
5043
5042 2226
5042
5041 2226
5041
5040 2226
5040
5039 2226
5039
5038 2226
5038
5037 2226
5037
5036 2226
5036
5035 2226
5035
5034 2226
5034
5033 2226
5033
5032 2226
5032
5031 2226
5031
5030 2226
5030
5029 2226
5029
5028 2226
5028
5027 2226
5027
5026 2226
5026
5025 2226
5025
5024 2226
5024
5023 2226
5023
5022 2226
5022
5021 2226
5021
5020 2226
5020
5019 2226
5019
5018 2226
5018
5017 2226
5017
5016 2226
5016
5015 2226
5015
5014 2226
5014
5013 2226
5013
5012 2226
5012
5011 2226
5011
5010 2226
5010
5009 2226
5009
5008 2226
5008
5007 2226
5007
5006 2226
5006
5005 2226
5005
5004 2226
5004
5003 2226
5003
5002 2226
5002
5001 2226
5001
5000 2226
