1000
999 226
999
998 226
998
997 226
997
996 226
996
995 226
995
994 226
994
993 226
993
992 226
992
991 226
991
990 226
990
989 226
989
988 226
988
987 226
987
986 226
986
985 226
985
984 226
984
983 226
983
982 226
982
981 226
981
980 226
980
979 226
979
978 226
978
977 226
977
976 226
976
975 226
975
974 226
974
973 226
973
972 226
972
971 226
971
970 226
970
969 226
969
968 226
968
967 226
967
966 226
966
965 226
965
964 226
964
963 226
963
962 226
962
961 226
961
960 226
960
959 226
959
958 226
958
957 226
957
956 226
956
955 226
955
954 226
954
953 226
953
952 226
952
951 226
951
950 226
950
949 226
949
948 226
948
947 226
947
946 226
946
945 226
945
944 226
944
943 226
943
942 226
942
941 226
941
940 226
940
939 226
939
938 226
938
937 226
937
936 226
936
935 226
935
934 226
934
933 226
933
932 226
932
931 226
931
930 226
930
929 226
929
928 226
928
927 226
927
926 226
926
925 226
925
924 226
924
923 226
923
922 226
922
921 226
921
920 226
920
919 226
919
918 226
918
917 226
917
916 226
916
915 226
915
914 226
914
913 226
913
912 226
912
911 226
911
910 226
910
909 226
909
908 226
908
907 226
907
906 226
906
905 226
905
904 226
904
903 226
903
902 226
902
901 226
901
900 226
900
899 226
899
898 226
898
897 226
897
896 226
896
895 226
895
894 226
894
893 226
893
892 226
892
891 226
891
890 226
890
889 226
889
888 226
888
887 226
887
886 226
886
885 226
885
884 226
884
883 226
883
882 226
882
881 226
881
880 226
880
879 226
879
878 226
878
877 226
877
876 226
876
875 226
875
874 226
874
873 226
873
872 226
872
871 226
871
870 226
870
869 226
869
868 226
868
867 226
867
866 226
866
865 226
865
864 226
864
863 226
863
862 226
862
861 226
861
860 226
860
859 226
859
858 226
858
857 226
857
856 226
856
855 226
855
854 226
854
853 226
853
852 226
852
851 226
851
850 226
850
849 226
849
848 226
848
847 226
847
846 226
846
845 226
845
844 226
844
843 226
843
842 226
842
841 226
841
840 226
840
839 226
839
838 226
838
837 226
837
836 226
836
835 226
835
834 226
834
833 226
833
832 226
832
831 226
831
830 226
830
829 226
829
828 226
828
827 226
827
826 226
826
825 226
825
824 226
824
823 226
823
822 226
822
821 226
821
820 226
820
819 226
819
818 226
818
817 226
817
816 226
816
815 226
815
814 226
814
813 226
813
812 226
812
811 226
811
810 226
810
809 226
809
808 226
808
807 226
807
806 226
806
805 226
805
804 226
804
803 226
803
802 226
802
801 226
801
800 226
800
799 226
799
798 226
798
797 226
797
796 226
796
795 226
795
794 226
794
793 226
793
792 226
792
791 226
791
790 226
790
789 226
789
788 226
788
787 226
787
786 226
786
785 226
785
784 226
784
783 226
783
782 226
782
781 226
781
780 226
780
779 226
779
778 226
778
777 226
777
776 226
776
775 226
775
774 226
774
773 226
773
772 226
772
771 226
771
770 226
770
769 226
769
768 226
768
767 226
767
766 226
766
765 226
765
764 226
764
763 226
763
762 226
762
761 226
761
760 226
760
759 226
759
758 226
758
757 226
757
756 226
756
755 226
755
754 226
754
753 226
753
752 226
752
751 226
751
750 226
750
749 226
749
748 226
748
747 226
747
746 226
746
745 226
745
744 226
744
743 226
743
742 226
742
741 226
741
740 226
740
739 226
739
738 226
738
737 226
737
736 226
736
735 226
735
734 226
734
733 226
733
732 226
732
731 226
731
730 226
730
729 226
729
728 226
728
727 226
727
726 226
726
725 226
725
724 226
724
723 226
723
722 226
722
721 226
721
720 226
720
719 226
719
718 226
718
717 226
717
716 226
716
715 226
715
714 226
714
713 226
713
712 226
712
711 226
711
710 226
710
709 226
709
708 226
708
707 226
707
706 226
706
705 226
705
704 226
704
703 226
703
702 226
702
701 226
701
700 226
700
699 226
699
698 226
698
697 226
697
696 226
696
695 226
695
694 226
694
693 226
693
692 226
692
691 226
691
690 226
690
689 226
689
688 226
688
687 226
687
686 226
686
685 226
685
684 226
684
683 226
683
682 226
682
681 226
681
680 226
680
679 226
679
678 226
678
677 226
677
676 226
676
675 226
675
674 226
674
673 226
673
672 226
672
671 226
671
670 226
670
669 226
669
668 226
668
667 226
667
666 226
666
665 226
665
664 226
664
663 226
663
662 226
662
661 226
661
660 226
660
659 226
659
658 226
658
657 226
657
656 226
656
655 226
655
654 226
654
653 226
653
652 226
652
651 226
651
650 226
650
649 226
649
648 226
648
647 226
647
646 226
646
645 226
645
644 226
644
643 226
643
642 226
642
641 226
641
640 226
640
639 226
639
638 226
638
637 226
637
636 226
636
635 226
635
634 226
634
633 226
633
632 226
632
631 226
631
630 226
630
629 226
629
628 226
628
627 226
627
626 226
626
625 226
625
624 226
624
623 226
623
622 226
622
621 226
621
620 226
620
619 226
619
618 226
618
617 226
617
616 226
616
615 226
615
614 226
614
613 226
613
612 226
612
611 226
611
610 226
610
609 226
609
608 226
608
607 226
607
606 226
606
605 226
605
604 226
604
603 226
603
602 226
602
601 226
601
600 226
600
599 226
599
598 226
598
597 226
597
596 226
596
595 226
595
594 226
594
593 226
593
592 226
592
591 226
591
590 226
590
589 226
589
588 226
588
587 226
587
586 226
586
585 226
585
584 226
584
583 226
583
582 226
582
581 226
581
580 226
580
579 226
579
578 226
578
577 226
577
576 226
576
575 226
575
574 226
574
573 226
573
572 226
572
571 226
571
570 226
570
569 226
569
568 226
568
567 226
567
566 226
566
565 226
565
564 226
564
563 226
563
562 226
562
561 226
561
560 226
560
559 226
559
558 226
558
557 226
557
556 226
556
555 226
555
554 226
554
553 226
553
552 226
552
551 226
551
550 226
550
549 226
549
548 226
548
547 226
547
546 226
546
545 226
545
544 226
544
543 226
543
542 226
542
541 226
541
540 226
540
539 226
539
538 226
538
537 226
537
536 226
536
535 226
535
534 226
534
533 226
533
532 226
532
531 226
531
530 226
530
529 226
529
528 226
528
527 226
527
526 226
526
525 226
525
524 226
524
523 226
523
522 226
522
521 226
521
520 226
520
519 226
519
518 226
518
517 226
517
516 226
516
515 226
515
514 226
514
513 226
513
512 226
512
511 226
511
510 226
510
509 226
509
508 226
508
507 226
507
506 226
506
505 226
505
504 226
504
503 226
503
502 226
502
501 226
501
500 226
