5749
4535 3623
4535
4535 3623
4535
4534 3623
3623
4534 3623
3623
4534 3624
3624
4534 3625
3625
4534 3625
3625
4534 3626
4534
4534 3626
3626
4534 3627
4534
4534 3627
3627
4534 3628
3628
4534 3628
3628
4534 3629
4534
4534 3629
3629
4534 3629
4534
4534 3629
4534
4533 3629
3629
4533 3630
3630
4533 3630
3630
4533 3630
3630
4533 3631
4533
4533 3631
3631
4533 3631
3631
4533 3631
3631
4533 3631
4533
4533 3631
3631
4533 3631
3631
4533 3632
3632
4533 3633
4533
4533 3633
3633
4533 3634
4533
4533 3634
3634
4533 3635
4533
4532 3635
3635
4532 3636
3636
4532 3636
3636
4532 3636
3636
4532 3636
3636
4532 3636
3636
4532 3637
3637
4532 3638
4532
4532 3638
4532
4532 3638
3638
4532 3639
4532
4532 3639
3639
4532 3640
3640
4532 3641
4532
4532 3641
3641
4532 3642
3642
4532 3643
4532
4532 3643
4532
4532 3643
3643
4532 3643
4532
4532 3643
4532
4532 3643
4532
4532 3643
4532
4532 3643
4532
4532 3643
4532
4532 3643
3643
4532 3644
3644
4532 3644
3644
4532 3645
4532
4532 3645
4532
4532 3645
3645
4532 3646
4532
4532 3646
4532
4531 3646
3646
4531 3647
3647
4531 3648
3648
4531 3648
3648
4531 3648
3648
4531 3649
4531
4531 3649
4531
4531 3649
3649
4531 3650
4531
4531 3650
4531
4531 3650
4531
4531 3650
3650
4531 3651
3651
4531 3652
4531
4530 3652
3652
4530 3653
4530
4530 3653
3653
4530 3653
4530
4530 3653
4530
4530 3653
4530
4530 3653
4530
4530 3653
3653
4530 3653
3653
4530 3654
4530
4530 3654
4530
4529 3654
4529
4529 3654
3654
4529 3655
3655
4529 3655
3655
4529 3656
3656
4529 3657
3657
4529 3658
3658
4529 3658
4529
4529 3658
4529
4529 3658
3658
4529 3659
3659
4529 3660
4529
4529 3660
3660
4529 3660
4529
4529 3660
3660
4529 3661
4529
4528 3661
3661
4528 3662
4528
4528 3662
3662
4528 3662
4528
4528 3662
3662
4528 3662
3662
4528 3663
4528
4528 3663
3663
4528 3663
3663
4528 3664
3664
4528 3665
3665
4528 3665
4528
4528 3665
4528
4528 3665
3665
4528 3666
4528
4527 3666
3666
4527 3667
4527
4527 3667
4527
4527 3667
3667
4527 3667
3667
4527 3668
3668
4527 3668
4527
4527 3668
3668
4527 3669
3669
4527 3669
3669
4527 3669
3669
4527 3669
3669
4527 3669
3669
4527 3670
4527
4527 3670
3670
4527 3671
3671
4527 3671
4527
4526 3671
3671
4526 3671
3671
4526 3671
3671
4526 3672
4526
4526 3672
4526
4526 3672
3672
4526 3673
4526
4525 3673
3673
4525 3673
4525
4525 3673
3673
4525 3673
3673
4525 3674
4525
4525 3674
3674
4525 3674
3674
4525 3675
4525
4525 3675
3675
4525 3676
3676
4525 3676
3676
4525 3676
3676
4525 3677
4525
4525 3677
3677
4525 3678
4525
4525 3678
3678
4525 3679
3679
4525 3680
3680
4525 3680
3680
4525 3680
3680
4525 3680
4525
4525 3680
4525
4524 3680
4524
4524 3680
4524
4524 3680
3680
4524 3681
3681
4524 3682
3682
4524 3682
3682
4524 3682
3682
4524 3683
4524
4524 3683
4524
4524 3683
4524
4524 3683
4524
4524 3683
3683
4524 3683
3683
4524 3684
3684
4524 3684
3684
4524 3685
3685
4524 3685
3685
4524 3685
3685
4524 3686
3686
4524 3687
3687
4524 3688
4524
4524 3688
3688
4524 3688
3688
4524 3689
4524
4524 3689
3689
4524 3689
3689
4524 3689
4524
4524 3689
4524
4523 3689
3689
4523 3689
3689
4523 3690
3690
4523 3691
4523
4523 3691
3691
4523 3691
4523
4523 3691
4523
4523 3691
3691
4523 3692
4523
4523 3692
3692
4523 3692
4523
4523 3692
4523
4522 3692
4522
4522 3692
4522
4522 3692
4522
4522 3692
3692
4522 3693
3693
4522 3693
4522
4522 3693
4522
4522 3693
3693
4522 3693
3693
4522 3693
3693
4522 3694
4522
4522 3694
4522
4521 3694
4521
4521 3694
4521
4521 3694
3694
4521 3695
3695
4521 3696
3696
4521 3697
3697
4521 3698
4521
4520 3698
4520
4520 3698
3698
4520 3699
4520
4520 3699
3699
4520 3699
3699
4520 3700
4520
4520 3700
4520
4520 3700
4520
4520 3700
3700
4520 3701
4520
4520 3701
4520
4520 3701
4520
4520 3701
4520
4520 3701
4520
4519 3701
4519
4519 3701
3701
4519 3702
3702
4519 3702
4519
4519 3702
3702
4519 3703
3703
4519 3703
3703
4519 3704
4519
4519 3704
3704
4519 3705
4519
4519 3705
3705
4519 3706
3706
4519 3707
3707
4519 3707
4519
4519 3707
4519
4519 3707
4519
4519 3707
4519
4519 3707
3707
4519 3707
4519
4519 3707
3707
4519 3708
4519
4519 3708
3708
4519 3709
3709
4519 3710
3710
4519 3711
4519
4519 3711
3711
4519 3712
3712
4519 3713
4519
4518 3713
3713
4518 3713
4518
4518 3713
4518
4518 3713
3713
4518 3713
3713
4518 3714
4518
4518 3714
3714
4518 3715
4518
4518 3715
3715
4518 3716
3716
4518 3716
4518
4518 3716
4518
4518 3716
4518
4518 3716
3716
4518 3717
4518
4518 3717
4518
4518 3717
3717
4518 3717
3717
4518 3718
4518
4517 3718
3718
4517 3719
3719
4517 3720
3720
4517 3720
4517
4517 3720
3720
4517 3720
3720
4517 3721
3721
4517 3722
4517
4517 3722
3722
4517 3722
3722
4517 3723
4517
4517 3723
4517
4517 3723
3723
4517 3724
4517
4516 3724
3724
4516 3724
3724
4516 3724
3724
4516 3725
4516
4516 3725
3725
4516 3726
4516
4516 3726
4516
4516 3726
4516
4515 3726
3726
4515 3726
3726
4515 3727
4515
4515 3727
4515
4515 3727
3727
4515 3728
3728
4515 3729
4515
4515 3729
3729
4515 3730
4515
4515 3730
3730
4515 3731
3731
4515 3731
3731
4515 3731
4515
4515 3731
4515
4514 3731
3731
4514 3732
4514
4514 3732
3732
4514 3733
3733
4514 3733
3733
4514 3733
4514
4514 3733
3733
4514 3733
4514
4514 3733
3733
4514 3733
4514
4514 3733
4514
4513 3733
3733
4513 3733
3733
4513 3734
3734
4513 3734
4513
4513 3734
3734
4513 3734
3734
4513 3734
4513
4513 3734
3734
4513 3734
4513
4513 3734
3734
4513 3734
3734
4513 3734
4513
4513 3734
4513
4513 3734
4513
4513 3734
3734
4513 3734
4513
4513 3734
3734
4513 3734
4513
4513 3734
3734
4513 3734
4513
4512 3734
4512
4512 3734
4512
4512 3734
4512
4512 3734
4512
4511 3734
4511
4511 3734
3734
4511 3735
3735
4511 3736
3736
4511 3737
4511
4511 3737
3737
4511 3737
4511
4511 3737
3737
4511 3738
4511
4510 3738
4510
4510 3738
3738
4510 3738
3738
4510 3739
3739
4510 3740
3740
4510 3741
3741
4510 3742
3742
4510 3742
4510
4510 3742
4510
4510 3742
4510
4510 3742
3742
4510 3743
4510
4510 3743
4510
4510 3743
4510
4510 3743
4510
4510 3743
4510
4510 3743
4510
4509 3743
4509
4509 3743
4509
4509 3743
3743
4509 3744
3744
4509 3744
3744
4509 3744
4509
4508 3744
4508
4508 3744
4508
4508 3744
4508
4508 3744
4508
4508 3744
3744
4508 3745
4508
4508 3745
3745
4508 3746
4508
4507 3746
4507
4507 3746
4507
4507 3746
4507
4507 3746
3746
4507 3746
4507
4507 3746
4507
4507 3746
3746
4507 3747
4507
4507 3747
3747
4507 3747
4507
4507 3747
3747
4507 3748
3748
4507 3748
4507
4507 3748
3748
4507 3748
3748
4507 3748
4507
4507 3748
3748
4507 3749
3749
4507 3750
3750
4507 3751
3751
4507 3752
4507
4507 3752
3752
4507 3752
4507
4507 3752
3752
4507 3753
3753
4507 3753
4507
4506 3753
3753
4506 3754
4506
4506 3754
3754
4506 3755
3755
4506 3756
4506
4506 3756
3756
4506 3756
3756
4506 3756
4506
4506 3756
4506
4505 3756
4505
4505 3756
4505
4505 3756
4505
4505 3756
3756
4505 3757
4505
4505 3757
4505
4505 3757
3757
4505 3757
3757
4505 3758
3758
4505 3759
3759
4505 3759
4505
4505 3759
4505
4505 3759
4505
4504 3759
3759
4504 3759
4504
4504 3759
4504
4504 3759
4504
4504 3759
4504
4504 3759
3759
4504 3760
3760
4504 3761
3761
4504 3762
3762
4504 3763
3763
4504 3764
3764
4504 3764
3764
4504 3765
4504
4504 3765
3765
4504 3765
3765
4504 3766
3766
4504 3766
4504
4504 3766
4504
4503 3766
3766
4503 3766
4503
4503 3766
3766
4503 3767
4503
4503 3767
3767
4503 3767
3767
4503 3768
4503
4503 3768
4503
4503 3768
4503
4503 3768
3768
4503 3768
3768
4503 3768
3768
4503 3768
3768
4503 3768
4503
4503 3768
3768
4503 3769
3769
4503 3770
4503
4503 3770
3770
4503 3770
3770
4503 3770
4503
4502 3770
4502
4502 3770
4502
4502 3770
3770
4502 3770
3770
4502 3771
4502
4501 3771
4501
4501 3771
3771
4501 3771
3771
4501 3771
3771
4501 3772
3772
4501 3772
4501
4501 3772
4501
4501 3772
4501
4501 3772
3772
4501 3772
4501
4500 3772
3772
4500 3773
3773
4500 3773
3773
4500 3774
4500
4500 3774
3774
4500 3774
3774
4500 3774
3774
4500 3774
4500
4500 3774
4500
4500 3774
4500
4500 3774
4500
4500 3774
3774
4500 3774
3774
4500 3774
4500
4500 3774
3774
4500 3774
3774
4500 3774
3774
4500 3775
4500
4500 3775
3775
4500 3775
3775
4500 3776
3776
4500 3776
4500
4500 3776
3776
4500 3777
3777
4500 3777
3777
4500 3778
3778
4500 3779
3779
4500 3779
3779
4500 3779
4500
4500 3779
3779
4500 3779
4500
4500 3779
3779
4500 3779
4500
4500 3779
4500
4500 3779
3779
4500 3780
3780
4500 3781
4500
4499 3781
3781
4499 3782
3782
4499 3783
3783
4499 3783
4499
4499 3783
3783
4499 3784
4499
4499 3784
4499
4499 3784
3784
4499 3785
4499
4499 3785
4499
4499 3785
3785
4499 3785
3785
4499 3786
4499
4499 3786
3786
4499 3786
3786
4499 3786
4499
4499 3786
4499
4499 3786
3786
4499 3787
3787
4499 3788
3788
4499 3789
3789
4499 3790
4499
4499 3790
4499
4499 3790
4499
4499 3790
4499
4499 3790
4499
4498 3790
4498
4498 3790
3790
4498 3790
4498
4498 3790
3790
4498 3791
4498
4498 3791
3791
4498 3791
3791
4498 3792
3792
4498 3793
3793
4498 3793
3793
4498 3793
3793
4498 3794
3794
4498 3795
3795
4498 3796
4498
4498 3796
3796
4498 3796
3796
4498 3797
3797
4498 3797
3797
4498 3798
4498
4498 3798
3798
4498 3798
4498
4498 3798
3798
4498 3799
3799
4498 3800
3800
4498 3801
4498
4497 3801
3801
4497 3802
3802
4497 3802
3802
4497 3803
3803
4497 3804
4497
4497 3804
3804
4497 3804
4497
4497 3804
4497
4496 3804
3804
4496 3805
3805
4496 3805
4496
4496 3805
3805
4496 3806
4496
4496 3806
4496
4495 3806
3806
4495 3807
4495
4495 3807
3807
4495 3808
4495
4495 3808
4495
4495 3808
3808
4495 3809
3809
4495 3810
4495
4495 3810
4495
4495 3810
3810
4495 3810
4495
4495 3810
4495
4495 3810
3810
4495 3810
4495
4495 3810
3810
4495 3811
4495
4495 3811
3811
4495 3811
4495
4495 3811
3811
4495 3812
3812
4495 3812
3812
4495 3813
3813
4495 3814
3814
4495 3814
3814
4495 3815
4495
4495 3815
3815
4495 3815
3815
4495 3816
3816
4495 3816
4495
4495 3816
4495
4495 3816
3816
4495 3817
3817
4495 3818
4495
4495 3818
4495
4494 3818
4494
4494 3818
3818
4494 3819
3819
4494 3819
3819
4494 3820
3820
4494 3821
4494
4494 3821
3821
4494 3822
3822
4494 3822
3822
4494 3823
4494
4494 3823
4494
4494 3823
3823
4494 3823
3823
4494 3823
4494
4493 3823
4493
4493 3823
4493
4493 3823
3823
4493 3823
3823
4493 3824
4493
4493 3824
3824
4493 3825
3825
4493 3825
4493
4492 3825
4492
4492 3825
4492
4492 3825
4492
4492 3825
4492
4492 3825
4492
4492 3825
4492
4492 3825
4492
4492 3825
3825
4492 3825
4492
4491 3825
3825
4491 3826
3826
4491 3826
3826
4491 3827
3827
4491 3827
4491
4491 3827
3827
4491 3828
3828
4491 3828
4491
4491 3828
3828
4491 3829
4491
4491 3829
4491
4491 3829
4491
4491 3829
4491
4490 3829
4490
4490 3829
4490
4490 3829
3829
4490 3830
4490
4490 3830
4490
4490 3830
3830
4490 3830
3830
4490 3830
3830
4490 3831
3831
4490 3831
3831
4490 3832
3832
4490 3832
4490
4490 3832
3832
4490 3832
3832
4490 3833
4490
4490 3833
4490
4489 3833
4489
4489 3833
3833
4489 3833
4489
4489 3833
4489
4489 3833
3833
4489 3834
3834
4489 3834
4489
4489 3834
3834
4489 3834
4489
4489 3834
4489
4489 3834
4489
4489 3834
3834
4489 3835
4489
4489 3835
4489
4489 3835
3835
4489 3835
3835
4489 3835
3835
4489 3836
4489
4488 3836
4488
4488 3836
3836
4488 3836
3836
4488 3836
3836
4488 3837
4488
4488 3837
3837
4488 3838
3838
4488 3839
3839
4488 3840
4488
4488 3840
4488
4488 3840
3840
4488 3840
3840
4488 3840
4488
4488 3840
3840
4488 3840
3840
4488 3841
4488
4488 3841
4488
4488 3841
4488
4487 3841
3841
4487 3841
3841
4487 3841
3841
4487 3842
3842
4487 3843
3843
4487 3844
3844
4487 3845
3845
4487 3846
3846
4487 3846
4487
4487 3846
3846
4487 3846
3846
4487 3846
3846
4487 3846
4487
4487 3846
3846
4487 3847
4487
4487 3847
3847
4487 3848
4487
4486 3848
4486
4486 3848
3848
4486 3848
3848
4486 3848
3848
4486 3848
3848
4486 3849
3849
4486 3850
3850
4486 3851
4486
4486 3851
3851
4486 3852
4486
4486 3852
3852
4486 3853
4486
4486 3853
3853
4486 3854
4486
4485 3854
3854
4485 3854
3854
4485 3854
4485
4485 3854
3854
4485 3854
3854
4485 3854
3854
4485 3855
3855
4485 3855
4485
4485 3855
3855
4485 3855
3855
4485 3856
4485
4485 3856
4485
4485 3856
4485
4485 3856
3856
4485 3857
4485
4485 3857
4485
4484 3857
3857
4484 3858
4484
4484 3858
4484
4484 3858
3858
4484 3858
4484
4483 3858
4483
4483 3858
3858
4483 3858
3858
4483 3858
3858
4483 3858
3858
4483 3859
3859
4483 3859
4483
4483 3859
3859
4483 3859
3859
4483 3860
3860
4483 3861
3861
4483 3862
4483
4483 3862
4483
4483 3862
3862
4483 3863
3863
4483 3863
3863
4483 3863
3863
4483 3864
4483
4482 3864
4482
4482 3864
3864
4482 3864
4482
4482 3864
3864
4482 3865
3865
4482 3866
4482
4482 3866
3866
4482 3866
4482
4482 3866
4482
4482 3866
4482
4482 3866
3866
4482 3867
4482
4482 3867
3867
4482 3868
3868
4482 3868
4482
4482 3868
4482
4481 3868
3868
4481 3869
4481
4481 3869
4481
4481 3869
3869
4481 3869
3869
4481 3870
3870
4481 3870
4481
4481 3870
3870
4481 3870
4481
4481 3870
4481
4481 3870
4481
4480 3870
4480
4480 3870
3870
4480 3870
3870
4480 3871
3871
4480 3871
4480
4480 3871
4480
4479 3871
4479
4479 3871
3871
4479 3872
4479
4479 3872
4479
4479 3872
3872
4479 3872
3872
4479 3872
4479
4479 3872
4479
4479 3872
4479
4478 3872
3872
4478 3872
3872
4478 3873
4478
4478 3873
3873
4478 3873
3873
4478 3873
3873
4478 3873
4478
4478 3873
3873
4478 3874
3874
4478 3875
4478
4478 3875
4478
4477 3875
4477
4477 3875
4477
4477 3875
4477
4477 3875
4477
4477 3875
3875
4477 3875
3875
4477 3876
4477
4477 3876
3876
4477 3876
4477
4476 3876
4476
4476 3876
3876
4476 3877
4476
4476 3877
3877
4476 3878
4476
4476 3878
3878
4476 3879
4476
4476 3879
3879
4476 3879
3879
4476 3879
4476
4475 3879
4475
4475 3879
3879
4475 3879
3879
4475 3880
4475
4475 3880
4475
4474 3880
3880
4474 3881
3881
4474 3881
4474
4474 3881
4474
4474 3881
4474
4474 3881
4474
4474 3881
3881
4474 3882
3882
4474 3883
3883
4474 3883
3883
4474 3884
3884
4474 3885
3885
4474 3886
3886
4474 3886
4474
4474 3886
4474
4474 3886
3886
4474 3887
4474
4474 3887
3887
4474 3888
4474
4474 3888
4474
4474 3888
3888
4474 3889
3889
4474 3889
3889
4474 3890
4474
4473 3890
4473
4473 3890
4473
4473 3890
3890
4473 3890
4473
4473 3890
3890
4473 3891
3891
4473 3891
3891
4473 3892
3892
4473 3892
4473
4473 3892
3892
4473 3893
3893
4473 3893
3893
4473 3894
3894
4473 3895
3895
4473 3896
3896
4473 3897
4473
4473 3897
4473
4473 3897
3897
4473 3897
4473
4473 3897
3897
4473 3898
4473
4472 3898
4472
4472 3898
3898
4472 3899
3899
4472 3899
3899
4472 3900
3900
4472 3901
4472
4472 3901
3901
4472 3901
4472
4472 3901
3901
4472 3901
4472
4472 3901
3901
4472 3901
4472
4472 3901
4472
4472 3901
3901
4472 3902
4472
4472 3902
3902
4472 3903
3903
4472 3903
3903
4472 3903
4472
4472 3903
4472
4472 3903
3903
4472 3904
3904
4472 3904
4472
4472 3904
4472
4472 3904
3904
4472 3905
3905
4472 3906
3906
4472 3907
4472
4471 3907
4471
4471 3907
3907
4471 3908
4471
4471 3908
3908
4471 3909
4471
4471 3909
4471
4470 3909
3909
4470 3909
4470
4470 3909
4470
4470 3909
3909
4470 3910
3910
4470 3910
4470
4470 3910
3910
4470 3911
4470
4470 3911
4470
4470 3911
3911
4470 3911
3911
4470 3912
4470
4470 3912
4470
4470 3912
4470
4470 3912
3912
4470 3913
3913
4470 3914
3914
4470 3915
4470
4470 3915
4470
4469 3915
3915
4469 3916
3916
4469 3917
3917
4469 3917
3917
4469 3918
4469
4469 3918
3918
4469 3919
3919
4469 3920
4469
4469 3920
3920
4469 3921
3921
4469 3921
4469
4469 3921
4469
4469 3921
4469
4469 3921
3921
4469 3922
4469
4469 3922
3922
4469 3923
4469
4469 3923
4469
4469 3923
3923
4469 3924
3924
4469 3924
3924
4469 3925
3925
4469 3925
3925
4469 3926
3926
4469 3927
4469
4468 3927
3927
4468 3927
3927
4468 3928
4468
4468 3928
3928
4468 3929
4468
4468 3929
3929
4468 3929
4468
4468 3929
3929
4468 3929
4468
4468 3929
4468
4467 3929
3929
4467 3929
3929
4467 3929
4467
4467 3929
4467
4467 3929
3929
4467 3930
3930
4467 3930
3930
4467 3931
4467
4467 3931
3931
4467 3931
4467
4467 3931
4467
4467 3931
3931
4467 3931
4467
4467 3931
3931
4467 3932
3932
4467 3932
3932
4467 3932
3932
4467 3933
4467
4467 3933
4467
4466 3933
4466
4466 3933
3933
4466 3934
4466
4466 3934
4466
4466 3934
4466
4466 3934
3934
4466 3934
4466
4466 3934
4466
4466 3934
4466
4466 3934
3934
4466 3935
4466
4465 3935
3935
4465 3936
3936
4465 3937
3937
4465 3938
4465
4465 3938
3938
4465 3938
3938
4465 3938
4465
4465 3938
3938
4465 3939
4465
4465 3939
3939
4465 3940
3940
4465 3940
3940
4465 3941
4465
4465 3941
3941
4465 3941
4465
4464 3941
4464
4464 3941
4464
4464 3941
3941
4464 3942
4464
4464 3942
3942
4464 3943
4464
4464 3943
4464
4463 3943
3943
4463 3944
3944
4463 3944
3944
4463 3944
4463
4463 3944
4463
4463 3944
4463
4463 3944
3944
4463 3945
4463
4462 3945
4462
4462 3945
3945
4462 3946
3946
4462 3946
4462
4462 3946
3946
4462 3946
3946
4462 3947
4462
4462 3947
4462
4462 3947
3947
4462 3948
3948
4462 3948
4462
4462 3948
4462
4462 3948
3948
4462 3949
3949
4462 3950
3950
4462 3951
3951
4462 3951
4462
4462 3951
3951
4462 3952
3952
4462 3953
4462
4461 3953
4461
4461 3953
3953
4461 3953
3953
4461 3953
3953
4461 3954
4461
4461 3954
3954
4461 3955
4461
4461 3955
4461
4461 3955
4461
4461 3955
4461
4460 3955
3955
4460 3956
4460
4460 3956
4460
4460 3956
3956
4460 3957
4460
4460 3957
4460
4460 3957
4460
4460 3957
4460
4460 3957
3957
4460 3957
3957
4460 3958
4460
4460 3958
3958
4460 3958
4460
4460 3958
4460
4460 3958
4460
4460 3958
3958
4460 3958
3958
4460 3958
4460
4460 3958
3958
4460 3959
3959
4460 3960
4460
4459 3960
4459
4459 3960
4459
4459 3960
3960
4459 3960
3960
4459 3960
3960
4459 3960
3960
4459 3961
4459
4459 3961
4459
4459 3961
3961
4459 3962
3962
4459 3962
3962
4459 3963
3963
4459 3963
4459
4459 3963
4459
4459 3963
4459
4458 3963
4458
4458 3963
4458
4458 3963
3963
4458 3964
3964
4458 3965
3965
4458 3966
4458
4458 3966
4458
4458 3966
4458
4457 3966
3966
4457 3966
3966
4457 3966
3966
4457 3966
3966
4457 3966
3966
4457 3966
3966
4457 3967
3967
4457 3967
3967
4457 3967
3967
4457 3967
3967
4457 3968
3968
4457 3968
3968
4457 3969
3969
4457 3970
3970
4457 3970
4457
4457 3970
3970
4457 3970
3970
4457 3971
4457
4457 3971
3971
4457 3971
4457
4456 3971
3971
4456 3971
4456
4456 3971
3971
4456 3971
4456
4456 3971
4456
4456 3971
3971
4456 3971
4456
4456 3971
4456
4456 3971
4456
4456 3971
3971
4456 3971
4456
4456 3971
4456
4456 3971
3971
4456 3972
3972
4456 3972
3972
4456 3973
4456
4456 3973
4456
4456 3973
4456
4455 3973
3973
4455 3974
4455
4455 3974
3974
4455 3975
3975
4455 3976
3976
4455 3977
4455
4455 3977
4455
4455 3977
4455
4455 3977
4455
4455 3977
4455
4455 3977
3977
4455 3977
4455
4455 3977
3977
4455 3978
3978
4455 3979
4455
4455 3979
3979
4455 3980
3980
4455 3980
4455
4455 3980
4455
4455 3980
3980
4455 3981
4455
4455 3981
4455
4455 3981
3981
4455 3982
4455
4455 3982
3982
4455 3982
3982
4455 3983
4455
4455 3983
3983
4455 3984
3984
4455 3984
3984
4455 3984
4455
4455 3984
3984
4455 3984
4455
4454 3984
4454
4454 3984
4454
4454 3984
3984
4454 3984
3984
4454 3985
3985
4454 3986
3986
4454 3986
3986
4454 3987
4454
4454 3987
4454
4453 3987
4453
4453 3987
4453
4453 3987
3987
4453 3987
4453
4453 3987
3987
4453 3988
4453
4453 3988
3988
4453 3989
4453
4453 3989
3989
4453 3989
4453
4453 3989
4453
4452 3989
3989
4452 3989
3989
4452 3989
4452
4452 3989
3989
4452 3989
3989
4452 3989
4452
4452 3989
3989
4452 3989
4452
4452 3989
4452
4452 3989
4452
4452 3989
4452
4452 3989
4452
4451 3989
4451
4451 3989
4451
4451 3989
4451
4451 3989
3989
4451 3989
3989
4451 3990
3990
4451 3990
3990
4451 3991
4451
4451 3991
4451
4451 3991
3991
4451 3992
3992
4451 3993
3993
4451 3994
4451
4450 3994
3994
4450 3995
3995
4450 3996
3996
4450 3997
4450
4450 3997
4450
4450 3997
3997
4450 3997
3997
4450 3997
3997
4450 3997
4450
4450 3997
3997
4450 3998
4450
4450 3998
3998
4450 3999
3999
4450 4000
4000
4450 4001
4001
4450 4002
4002
4450 4002
4002
4450 4003
4450
4450 4003
4003
4450 4004
4004
4450 4005
4005
4450 4005
4005
4450 4006
4006
4450 4007
4007
4450 4008
4008
4450 4008
4450
4450 4008
4008
4450 4009
4450
4450 4009
4450
4450 4009
4009
4450 4010
4450
4450 4010
4010
4450 4011
4011
4450 4011
4450
4450 4011
4450
4450 4011
4450
4449 4011
4011
4449 4012
4012
4449 4013
4449
4449 4013
4013
4449 4013
4449
4449 4013
4013
4449 4014
4449
4449 4014
4449
4449 4014
4449
4449 4014
4014
4449 4015
4015
4449 4016
4449
4448 4016
4448
4448 4016
4448
4448 4016
4448
4448 4016
4448
4448 4016
4016
4448 4016
4016
4448 4017
4017
4448 4018
4448
4448 4018
4018
4448 4019
4019
4448 4019
4019
4448 4020
4448
4448 4020
4020
4448 4020
4020
4448 4020
4020
4448 4021
4021
4448 4021
4021
4448 4022
4448
4448 4022
4448
4447 4022
4022
4447 4023
4023
4447 4023
4023
4447 4024
4024
4447 4025
4025
4447 4026
4447
4447 4026
4026
4447 4027
4027
4447 4027
4027
4447 4028
4447
4447 4028
4447
4447 4028
4028
4447 4028
4028
4447 4028
4447
4447 4028
4447
4447 4028
4447
4447 4028
4028
4447 4028
4447
4447 4028
4447
4447 4028
4028
4447 4029
4029
4447 4030
4030
4447 4030
4030
4447 4030
4447
4446 4030
4446
4446 4030
4030
4446 4030
4030
4446 4031
4446
4446 4031
4031
4446 4031
4446
4446 4031
4031
4446 4032
4032
4446 4033
4033
4446 4033
4033
4446 4034
4446
4446 4034
4034
4446 4035
4035
4446 4036
4446
4446 4036
4036
4446 4037
4446
4446 4037
4037
4446 4037
4037
4446 4037
4037
4446 4038
4446
4446 4038
4446
4445 4038
4445
4445 4038
4038
4445 4039
4039
4445 4039
4445
4445 4039
4445
4445 4039
4445
4445 4039
4039
4445 4039
4445
4445 4039
4039
4445 4039
4039
4445 4039
4039
4445 4039
4445
4445 4039
4039
4445 4039
4039
4445 4040
4445
4445 4040
4040
4445 4040
4040
4445 4040
4040
4445 4041
4445
4445 4041
4445
4445 4041
4445
4445 4041
4445
4445 4041
4445
4444 4041
4041
4444 4042
4042
4444 4043
4043
4444 4044
4444
4444 4044
4444
4444 4044
4444
4444 4044
4044
4444 4045
4045
4444 4045
4045
4444 4046
4046
4444 4047
4444
4444 4047
4047
4444 4047
4444
4443 4047
4047
4443 4048
4048
4443 4048
4048
4443 4048
4048
4443 4049
4049
4443 4049
4049
4443 4050
4443
4443 4050
4050
4443 4051
4051
4443 4051
4051
4443 4052
4443
4443 4052
4052
4443 4053
4053
4443 4054
4054
4443 4055
4055
4443 4056
4443
4443 4056
4056
4443 4057
4443
4442 4057
4442
4442 4057
4057
4442 4058
4058
4442 4059
4442
4442 4059
4442
4442 4059
4442
4442 4059
4059
4442 4060
4060
4442 4061
4061
4442 4061
4061
4442 4062
4062
4442 4063
4063
4442 4064
4064
4442 4065
4442
4442 4065
4065
4442 4066
4066
4442 4067
4442
4442 4067
4067
4442 4068
4442
4442 4068
4068
4442 4069
4442
4441 4069
4441
4441 4069
4069
4441 4070
4441
4441 4070
4441
4441 4070
4441
4441 4070
4441
4441 4070
4070
4441 4070
4070
4441 4070
4070
4441 4071
4441
4441 4071
4071
4441 4071
4071
4441 4072
4072
4441 4072
4441
4441 4072
4441
4441 4072
4072
4441 4072
4072
4441 4072
4072
4441 4072
4441
4441 4072
4441
4441 4072
4072
4441 4073
4073
4441 4073
4073
4441 4074
4441
4441 4074
4074
4441 4075
4441
4441 4075
4075
4441 4076
4441
4440 4076
4076
4440 4077
4440
4440 4077
4440
4440 4077
4077
4440 4078
4440
4440 4078
4440
4440 4078
4078
4440 4078
4440
4439 4078
4078
4439 4079
4079
4439 4080
4080
4439 4080
4080
4439 4081
4439
4439 4081
4081
4439 4082
4082
4439 4083
4439
4439 4083
4439
4439 4083
4439
4439 4083
4083
4439 4083
4083
4439 4084
4084
4439 4085
4439
4439 4085
4085
4439 4085
4085
4439 4085
4439
4439 4085
4439
4439 4085
4085
4439 4086
4439
4439 4086
4086
4439 4086
4439
4438 4086
4086
4438 4086
4086
4438 4086
4086
4438 4087
4087
4438 4087
4087
4438 4088
4088
4438 4089
4438
4438 4089
4438
4438 4089
4089
4438 4089
4438
4437 4089
4089
4437 4090
4090
4437 4090
4090
4437 4090
4090
4437 4090
4437
4437 4090
4090
4437 4091
4091
4437 4092
4092
4437 4093
4093
4437 4094
4437
4437 4094
4094
4437 4095
4095
4437 4095
4437
4437 4095
4095
4437 4095
4095
4437 4095
4095
4437 4095
4437
4436 4095
4095
4436 4095
4436
4436 4095
4095
4436 4096
4436
4436 4096
4436
4436 4096
4096
4436 4097
4097
4436 4098
4098
4436 4098
4098
4436 4099
4436
4435 4099
4099
4435 4100
4100
4435 4101
4101
4435 4102
4435
4435 4102
4102
4435 4103
4103
4435 4103
4103
4435 4104
4104
4435 4104
4104
4435 4104
4104
4435 4105
4105
4435 4106
4435
4435 4106
4106
4435 4106
4435
4435 4106
4106
4435 4106
4106
4435 4107
4435
4435 4107
4107
4435 4108
4108
4435 4109
4109
4435 4110
4435
4435 4110
4110
4435 4110
4435
4434 4110
4434
4434 4110
4110
4434 4111
4111
4434 4112
4112
4434 4112
4112
4434 4113
4113
4434 4113
4434
4434 4113
4434
4434 4113
4434
4433 4113
4433
4433 4113
4433
4433 4113
4113
4433 4114
4433
4433 4114
4114
4433 4115
4115
4433 4116
4116
4433 4116
4116
4433 4117
4433
4433 4117
4117
4433 4118
4433
4432 4118
4118
4432 4119
4432
4432 4119
4432
4432 4119
4432
4432 4119
4432
4432 4119
4119
4432 4119
4119
4432 4119
4432
4432 4119
4119
4432 4119
4432
4432 4119
4432
4431 4119
4119
4431 4120
4120
4431 4121
4431
4431 4121
4121
4431 4121
4121
4431 4122
4431
4431 4122
4122
4431 4123
4123
4431 4123
4123
4431 4124
4124
4431 4125
4125
4431 4126
4431
4430 4126
4126
4430 4126
4430
4430 4126
4430
4430 4126
4126
4430 4127
4430
4430 4127
4430
4430 4127
4127
4430 4128
4430
4430 4128
4128
4430 4129
4129
4430 4130
4430
4430 4130
4430
4430 4130
4430
4429 4130
4130
4429 4131
4131
4429 4132
4429
4429 4132
4429
4429 4132
4132
4429 4132
4429
4429 4132
4132
4429 4132
4132
4429 4133
4429
4429 4133
4429
4428 4133
4133
4428 4133
4133
4428 4133
4133
4428 4133
4428
4428 4133
4133
4428 4134
4134
4428 4134
4134
4428 4135
4135
4428 4136
4428
4428 4136
4136
4428 4136
4136
4428 4137
4137
4428 4137
4428
4428 4137
4428
4428 4137
4137
4428 4138
4138
4428 4138
4428
4428 4138
4138
4428 4139
4428
4428 4139
4139
4428 4139
4428
4427 4139
4139
4427 4140
4140
4427 4141
4427
4427 4141
4427
4427 4141
4141
4427 4141
4427
4427 4141
4141
4427 4142
4427
4426 4142
4426
4426 4142
4426
4426 4142
4142
4426 4143
4426
4426 4143
4143
4426 4144
4426
4426 4144
4144
4426 4144
4144
4426 4144
4426
4426 4144
4144
4426 4144
4144
4426 4144
4144
4426 4144
4144
4426 4144
4426
4426 4144
4144
4426 4144
4426
4426 4144
4144
4426 4144
4144
4426 4145
4426
4425 4145
4145
4425 4146
4146
4425 4147
4425
4425 4147
4147
4425 4148
4148
4425 4149
4149
4425 4149
4425
4425 4149
4149
4425 4149
4425
4425 4149
4425
4425 4149
4425
4425 4149
4425
4424 4149
4149
4424 4150
4150
4424 4150
4150
4424 4151
4151
4424 4151
4151
4424 4151
4424
4424 4151
4151
4424 4151
4424
4424 4151
4151
4424 4151
4424
4424 4151
4151
4424 4151
4151
4424 4152
4152
4424 4153
4153
4424 4154
4154
4424 4154
4424
4424 4154
4424
4424 4154
4154
4424 4155
4424
4424 4155
4155
4424 4155
4424
4423 4155
4155
4423 4156
4156
4423 4156
4423
4423 4156
4423
4423 4156
4423
4423 4156
4156
4423 4156
4156
4423 4157
4157
4423 4158
4423
4423 4158
4158
4423 4159
4159
4423 4160
4160
4423 4161
4161
4423 4161
4161
4423 4162
4162
4423 4162
4162
4423 4163
4163
4423 4163
4423
4423 4163
4423
4423 4163
4163
4423 4164
4423
4423 4164
4164
4423 4164
4164
4423 4165
4423
4423 4165
4165
4423 4166
4166
4423 4166
4166
4423 4167
4423
4423 4167
4423
4422 4167
4422
4422 4167
4167
4422 4168
4168
4422 4168
4168
4422 4169
4422
4422 4169
4169
4422 4170
4170
4422 4170
4422
4422 4170
4422
4422 4170
4170
4422 4170
4170
4422 4171
4422
4421 4171
4171
4421 4171
4171
4421 4171
4171
4421 4171
4421
4421 4171
4421
4421 4171
4171
4421 4172
4172
4421 4172
4172
4421 4172
4421
4421 4172
4172
4421 4173
4173
4421 4174
4174
4421 4175
4175
4421 4176
4421
4421 4176
4176
4421 4176
4176
4421 4177
4177
4421 4178
4178
4421 4178
4178
4421 4179
4179
4421 4179
4421
4421 4179
4179
4421 4180
4180
4421 4181
4181
4421 4182
4421
4421 4182
4182
4421 4183
4421
4420 4183
4420
4420 4183
4183
4420 4183
4183
4420 4184
4184
4420 4184
4184
4420 4184
4420
4420 4184
4184
4420 4185
4185
4420 4186
4420
4420 4186
4420
4420 4186
4186
4420 4187
4187
4420 4187
4187
4420 4187
4420
4420 4187
4187
4420 4188
4420
4420 4188
4420
4420 4188
4420
4420 4188
4420
4420 4188
4188
4420 4189
4189
4420 4189
4420
4420 4189
4189
4420 4189
4189
4420 4190
4420
4420 4190
4420
4420 4190
4190
4420 4191
4420
4420 4191
4420
4420 4191
4191
4420 4192
4192
4420 4193
4193
4420 4193
4193
4420 4193
4193
4420 4194
4194
4420 4194
4194
4420 4195
4195
4420 4195
4195
4420 4195
4195
4420 4195
4420
4420 4195
4195
4420 4195
4420
4419 4195
4419
4419 4195
4419
4419 4195
4195
4419 4196
4196
4419 4196
4196
4419 4196
4196
4419 4196
4196
4419 4196
4419
4419 4196
4419
4419 4196
4196
4419 4196
4196
4419 4196
4419
4419 4196
4419
4418 4196
4196
4418 4197
4197
4418 4198
4418
4418 4198
4418
4418 4198
4418
4418 4198
4198
4418 4199
4199
4418 4199
4418
4418 4199
4199
4418 4199
4199
4418 4200
4200
4418 4200
4418
4418 4200
4418
4418 4200
4418
4418 4200
4200
4418 4201
4418
4418 4201
4418
4418 4201
4418
4418 4201
4201
4418 4201
4418
4418 4201
4201
4418 4201
4201
4418 4202
4418
4418 4202
4418
4418 4202
4418
4418 4202
4202
4418 4203
4418
4418 4203
4203
4418 4204
4204
4418 4205
4205
4418 4205
4205
4418 4206
4206
4418 4207
4418
4418 4207
4418
4417 4207
4417
4417 4207
4417
4417 4207
4417
4417 4207
4207
4417 4208
4208
4417 4209
4417
4417 4209
4209
4417 4210
4210
4417 4210
4210
4417 4211
4211
4417 4211
4211
4417 4211
4211
4417 4212
4212
4417 4212
4212
4417 4213
4417
4417 4213
4213
4417 4214
4417
4417 4214
4417
4417 4214
4417
4416 4214
4214
4416 4214
4416
4416 4214
4416
4416 4214
4416
4416 4214
4214
4416 4215
4416
4416 4215
4215
4416 4216
4216
4416 4217
4416
4415 4217
4415
4415 4217
4217
4415 4217
4217
4415 4217
4217
4415 4218
4415
4415 4218
4415
4415 4218
4415
4415 4218
4218
4415 4218
4415
4415 4218
4218
4415 4218
4415
4414 4218
4414
4414 4218
4218
4414 4218
4218
4414 4219
4219
4414 4220
4220
4414 4220
4220
4414 4220
4220
4414 4221
4221
4414 4222
4222
4414 4223
4223
4414 4224
4224
4414 4225
4414
4414 4225
4225
4414 4225
4414
4414 4225
4414
4414 4225
4225
4414 4225
4414
4414 4225
4414
4414 4225
4414
4413 4225
4225
4413 4225
4225
4413 4226
4226
4413 4226
4226
4413 4227
4413
4413 4227
4413
4413 4227
4227
4413 4227
4227
4413 4227
4413
4413 4227
4413
4413 4227
4227
4413 4228
4413
4413 4228
4413
4413 4228
4228
4413 4228
4413
4413 4228
4228
4413 4228
4413
4413 4228
4413
4413 4228
4228
4413 4229
4413
4413 4229
4229
4413 4229
4229
4413 4230
4230
4413 4230
4413
4413 4230
4230
4413 4230
4230
4413 4231
4413
4412 4231
4412
4412 4231
4412
4412 4231
4231
4412 4231
4412
4412 4231
4231
4412 4231
4231
4412 4232
4412
4412 4232
4232
4412 4233
4233
4412 4233
4233
4412 4234
4234
4412 4234
4234
4412 4235
4412
4412 4235
4412
4412 4235
4235
4412 4235
4412
4412 4235
4235
4412 4236
4236
4412 4237
4237
4412 4238
4412
4411 4238
4238
4411 4239
4239
4411 4240
4240
4411 4240
4240
4411 4241
4241
4411 4242
4242
4411 4242
4242
4411 4242
4242
4411 4243
4243
4411 4243
4243
4411 4243
4243
4411 4243
4243
4411 4244
4411
4411 4244
4244
4411 4245
4411
4411 4245
4245
4411 4246
4411
4411 4246
4411
4411 4246
4411
4411 4246
4411
4411 4246
4246
4411 4247
4411
4410 4247
4410
4410 4247
4247
4410 4248
4248
4410 4249
4249
4410 4250
4410
4410 4250
4250
4410 4251
4410
4410 4251
4251
4410 4251
4251
4410 4252
4410
4410 4252
4410
4410 4252
4410
4409 4252
4252
4409 4252
4252
4409 4253
4409
4409 4253
4253
4409 4254
4254
4409 4255
4255
4409 4255
4409
4409 4255
4255
4409 4255
4255
4409 4255
4409
4409 4255
4255
4409 4256
4256
4409 4256
4409
4409 4256
4409
4409 4256
4409
4409 4256
4256
4409 4256
4409
4409 4256
4409
4409 4256
4409
4409 4256
4409
4409 4256
4256
4409 4257
4409
4409 4257
4257
4409 4257
4257
4409 4257
4257
4409 4257
4409
4409 4257
4257
4409 4257
4409
4409 4257
4409
4409 4257
4257
4409 4257
4409
4409 4257
4409
4408 4257
4257
4408 4258
4408
4408 4258
4258
4408 4259
4259
4408 4259
4408
4408 4259
4408
4408 4259
4259
4408 4259
4259
4408 4260
4260
4408 4260
4408
4408 4260
4260
4408 4260
4260
4408 4261
4261
4408 4262
4262
4408 4262
4408
4408 4262
4262
4408 4263
4408
4407 4263
4263
4407 4263
4407
4407 4263
4263
4407 4264
4264
4407 4264
4264
4407 4265
4265
4407 4266
4407
4407 4266
4266
4407 4266
4266
4407 4266
4407
4407 4266
4266
4407 4267
4267
4407 4267
4267
4407 4267
4407
4407 4267
4267
4407 4268
4268
4407 4269
4269
4407 4269
4407
4407 4269
4269
4407 4269
4407
4407 4269
4407
4406 4269
4406
4406 4269
4269
4406 4269
4269
4406 4269
4269
4406 4270
4406
4406 4270
4270
4406 4270
4406
4406 4270
4270
4406 4270
4270
4406 4271
4406
4406 4271
4271
4406 4272
4272
4406 4272
4272
4406 4273
4406
4406 4273
4273
4406 4274
4274
4406 4275
4275
4406 4275
4275
4406 4275
4406
4406 4275
4406
4405 4275
4405
4405 4275
4275
4405 4276
4276
4405 4276
4276
4405 4277
4277
4405 4277
4405
4405 4277
4405
4404 4277
4277
4404 4277
4277
4404 4278
4278
4404 4279
4279
4404 4280
4404
4404 4280
4280
4404 4280
4404
4404 4280
4404
4404 4280
4404
4404 4280
4280
4404 4280
4280
4404 4281
4404
4404 4281
4281
4404 4282
4282
4404 4283
4283
4404 4284
4284
4404 4285
4404
4404 4285
4285
4404 4286
4286
4404 4287
4287
4404 4287
4287
4404 4288
4288
4404 4288
4288
4404 4289
4289
4404 4289
4404
4404 4289
4289
4404 4290
4404
4403 4290
4290
4403 4291
4291
4403 4291
4403
4403 4291
4291
4403 4292
4292
4403 4292
4403
4403 4292
4292
4403 4293
4293
4403 4293
4293
4403 4294
4403
4403 4294
4403
4403 4294
4294
4403 4295
4295
4403 4295
4295
4403 4295
4295
4403 4296
4403
4403 4296
4296
4403 4297
4297
4403 4298
4403
4402 4298
4298
4402 4298
4402
4402 4298
4402
4402 4298
4298
4402 4299
4299
4402 4299
4402
4402 4299
4402
4402 4299
4299
4402 4299
4402
4402 4299
4402
4402 4299
4402
4401 4299
4401
4401 4299
4299
4401 4300
4300
4401 4300
4401
4401 4300
4401
4401 4300
4300
4401 4301
4301
4401 4302
4401
4401 4302
4302
4401 4303
4401
4400 4303
4303
4400 4304
4304
4400 4305
4400
4400 4305
4305
4400 4306
4400
4400 4306
4306
4400 4307
4307
4400 4307
4400
4400 4307
4307
4400 4308
4308
4400 4309
4309
4400 4309
4400
4400 4309
4309
4400 4309
4309
4400 4309
4309
4400 4310
4400
4400 4310
4310
4400 4310
4310
4400 4310
4310
4400 4310
4310
4400 4310
4400
4400 4310
4310
4400 4310
4400
4400 4310
4400
4399 4310
4399
4399 4310
4399
4399 4310
4310
4399 4310
4399
4399 4310
4310
4399 4311
4399
4399 4311
4399
4399 4311
4399
4399 4311
4311
4399 4311
4311
4399 4312
4312
4399 4313
4313
4399 4313
4313
4399 4314
4314
4399 4314
4399
4398 4314
4314
4398 4314
4398
4398 4314
4314
4398 4314
4398
4398 4314
4398
4398 4314
4398
4397 4314
4397
4397 4314
4314
4397 4315
4397
4397 4315
4397
4397 4315
4397
4397 4315
4315
4397 4316
4397
4397 4316
4316
4397 4316
4316
4397 4316
4397
4397 4316
4397
4397 4316
4316
4397 4317
4317
4397 4317
4317
4397 4318
4318
4397 4319
4319
4397 4320
4397
4397 4320
4397
4397 4320
4320
4397 4320
4320
4397 4320
4397
4397 4320
4320
4397 4321
4397
4396 4321
4396
4396 4321
4321
4396 4322
4396
4396 4322
4396
4396 4322
4322
4396 4322
4322
4396 4322
4396
4396 4322
4396
4395 4322
4395
4395 4322
4322
4395 4323
4323
4395 4323
4395
4395 4323
4323
4395 4323
4323
4395 4324
4324
4395 4325
4325
4395 4326
4395
4395 4326
4395
4395 4326
4326
4395 4327
4395
4395 4327
4327
4395 4327
4327
4395 4328
4328
4395 4329
4329
4395 4330
4330
4395 4331
4395
4395 4331
4395
4394 4331
4331
4394 4332
4332
4394 4333
4333
4394 4334
4334
4394 4334
4334
4394 4335
4394
4394 4335
4394
4394 4335
4335
4394 4335
4335
4394 4335
4335
4394 4335
4335
4394 4336
4394
4394 4336
4336
4394 4337
4337
4394 4337
4394
4394 4337
4337
4394 4338
4338
4394 4339
4339
4394 4339
4339
4394 4340
4340
4394 4340
4394
4394 4340
4394
4393 4340
4393
4393 4340
4340
4393 4340
4393
4393 4340
4393
4393 4340
4393
4393 4340
4340
4393 4341
4341
4393 4341
4393
4393 4341
4341
4393 4342
4342
4393 4343
4343
4393 4344
4393
4392 4344
4344
4392 4345
4345
4392 4346
4392
4392 4346
4346
4392 4346
4346
4392 4347
4392
4392 4347
4392
4392 4347
4392
4391 4347
4391
4391 4347
4347
4391 4348
4391
4391 4348
4391
4391 4348
4391
4390 4348
4348
4390 4349
4390
4390 4349
4349
4390 4350
4350
4390 4351
4351
4390 4352
4390
4390 4352
4390
4390 4352
4352
4390 4353
4390
4389 4353
4389
4389 4353
4353
4389 4354
4389
4389 4354
4354
4389 4355
4389
4389 4355
4355
4389 4356
4356
4389 4357
4389
4389 4357
4389
4389 4357
4389
4389 4357
4357
4389 4357
4357
4389 4358
4389
4388 4358
4388
4388 4358
4358
4388 4359
4359
4388 4359
4359
4388 4359
4359
4388 4359
4359
4388 4359
4359
4388 4360
4360
4388 4360
4360
4388 4360
4360
4388 4361
4361
4388 4362
4388
4388 4362
4362
4388 4363
4388
4388 4363
4363
4388 4364
4364
4388 4364
4388
4388 4364
4364
4388 4365
4365
4388 4366
4388
4388 4366
4366
4388 4367
4367
4388 4367
4367
4388 4367
4388
4388 4367
4367
4388 4367
4388
4388 4367
4388
4387 4367
4367
4387 4368
4387
4387 4368
4368
4387 4369
4369
4387 4370
4387
4387 4370
4370
4387 4370
4370
4387 4370
4370
4387 4371
4371
4387 4372
4372
4387 4372
4372
4387 4372
4372
4387 4372
4387
4387 4372
4387
4387 4372
4387
4387 4372
4372
4387 4372
4372
4387 4373
4373
4387 4374
4374
4387 4375
4375
4387 4375
4387
4387 4375
4375
4387 4375
4387
4387 4375
4375
4387 4375
4387
4387 4375
4375
4387 4376
4387
4386 4376
4376
4386 4376
4376
4386 4377
4377
4386 4377
4377
4386 4377
4386
4386 4377
4386
4386 4377
4377
4386 4377
4386
4386 4377
4377
4386 4377
4377
4386 4377
4377
4386 4377
4377
4386 4378
4378
4386 4379
4386
4386 4379
4386
4386 4379
4379
4386 4379
4386
4386 4379
4379
4386 4379
4386
4386 4379
4386
4386 4379
4379
4386 4380
4380
4386 4380
4380
4386 4381
4386
4386 4381
4386
4386 4381
4386
4386 4381
4386
4385 4381
4381
4385 4382
4382
4385 4383
4385
4385 4383
4385
4385 4383
4385
4385 4383
4383
4385 4384
4384
4385 4385
4385
4385 4385
4385
4385 4385
4385
4385 4385
4385
4385 4385
4385
4385 4385
4385
4385 4385
4385
4385 4385
4385
4385 4385
4385
4385 4385
4385
4385 4385
4385
4385 4385
4385
4385 4385
4385
4385 4385
4385
4385 4385
4385
4385 4385
4385
4385 4385
4385
4385 4385
4385
4385 4386
4385
4385 4385
4385
4385 4385
4385
4385 4385
4385
4385 4385
4385
4385 4386
4386
4386 4386
4386
4386 4386
4386
4386 4386
4386
4386 4386
4386
4386 4386
4386
4385 4386
4386
4386 4386
4386
4386 4386
4386
4385 4386
4386
4386 4386
4386
4386 4386
4386
4386 4386
4386
4386 4386
4386
4386 4386
4386
4386 4386
4386
4386 4386
4386
4386 4386
4386
4386 4386
4386
4386 4386
4386
4386 4386
4386
4386 4386
4386
4386 4386
4386
4386 4386
4386
4386 4386
4386
4386 4387
4387
4387 4387
4387
4387 4387
4387
4387 4387
4387
4387 4387
4387
4387 4387
4387
4387 4388
4388
4388 4388
4388
4388 4388
4388
4388 4388
4388
4388 4388
4388
4388 4388
4388
4388 4388
4388
4388 4388
4388
4388 4388
4388
4388 4388
4388
4388 4388
4388
4388 4388
4388
4388 4388
4388
4388 4388
4388
4388 4388
4388
4388 4388
4388
4388 4388
4388
4388 4388
4388
4388 4388
4388
4388 4388
4388
4388 4388
4388
4388 4388
4388
4388 4388
4388
4388 4388
4388
4388 4388
4388
4388 4389
4389
4388 4389
4388
4388 4389
4388
4388 4389
4389
4389 4389
4389
4389 4389
4389
4389 4389
4389
4389 4389
4389
4389 4389
4389
4389 4389
4389
4389 4389
4389
4389 4389
4389
4389 4389
4389
4389 4389
4389
4389 4389
4389
4389 4389
4389
4389 4389
4389
4389 4389
4389
4389 4389
4389
4389 4389
4389
4389 4389
4389
4389 4389
4389
4389 4389
4389
4388 4389
4389
4389 4389
4389
4389 4389
4389
4389 4389
4389
4389 4389
4389
4389 4389
4389
4389 4389
4389
4389 4389
4389
4389 4389
4389
4389 4389
4389
4389 4389
4389
4389 4389
4389
4389 4389
4389
4389 4389
4389
4389 4389
4389
4389 4389
4389
4389 4389
4389
4389 4389
4389
4389 4389
4389
4389 4389
4389
4389 4389
4389
4389 4389
4389
4389 4390
4390
4389 4390
4389
4389 4390
4390
4390 4390
4390
4390 4390
4390
4390 4390
4390
4390 4390
4390
4390 4390
4390
4390 4390
4390
4390 4390
4390
4390 4390
4390
4390 4390
4390
4390 4390
4390
4390 4390
4390
4390 4390
4390
4390 4390
4390
4390 4391
4390
4390 4391
4391
4390 4391
4391
4390 4391
4390
4390 4390
4390
4390 4390
4390
4390 4390
4390
4390 4390
4390
4390 4390
4390
4390 4390
4390
4390 4390
4390
4390 4390
4390
4390 4390
4390
4390 4390
4390
4390 4390
4390
4390 4390
4390
4390 4390
4390
4390 4390
4390
4390 4390
4390
4390 4391
4391
4391 4391
4391
4390 4391
4391
4391 4391
4391
4391 4391
4391
4391 4391
4391
4391 4391
4391
4391 4391
4391
4391 4391
4391
4391 4391
4391
4390 4391
4390
4390 4390
4390
4390 4391
4390
4390 4391
4391
4391 4391
4391
4391 4391
4391
4391 4391
4391
4391 4391
4391
4391 4391
4391
4391 4391
4391
4391 4391
4391
4391 4391
4391
4391 4391
4391
4391 4391
4391
4391 4391
4391
4391 4391
4391
4391 4391
4391
4391 4391
4391
4391 4391
4391
4391 4392
4391
4391 4391
4391
4391 4391
4391
4391 4392
4392
4391 4392
4392
4392 4392
4392
4392 4392
4392
4392 4392
4392
4392 4392
4392
4392 4392
4392
4392 4392
4392
4392 4392
4392
4392 4392
4392
4392 4392
4392
4392 4392
4392
4392 4392
4392
4392 4393
4392
4392 4392
4392
4392 4393
4393
4393 4393
4393
4393 4393
4393
4392 4393
4392
4392 4392
4392
4392 4393
4393
4393 4393
4393
4392 4393
4392
4392 4392
4392
4392 4393
4393
4393 4393
4393
4393 4393
4393
4393 4393
4393
4393 4393
4393
4393 4393
4393
4393 4393
4393
4393 4393
4393
4393 4393
4393
4393 4393
4393
4393 4393
4393
4393 4393
4393
4393 4393
4393
4393 4393
4393
4393 4393
4393
4393 4393
4393
4393 4393
4393
4393 4393
4393
4393 4393
4393
4393 4393
4393
4393 4393
4393
4393 4393
4393
4393 4393
4393
4393 4393
4393
4393 4393
4393
4393 4393
4393
4393 4393
4393
4393 4393
4393
4393 4393
4393
4393 4393
4393
4393 4393
4393
4393 4393
4393
4393 4393
4393
4393 4393
4393
4393 4393
4393
4393 4393
4393
4393 4393
4393
4392 4393
4393
4392 4393
4393
4393 4393
4393
4393 4393
4393
4393 4393
4393
4392 4393
4393
4393 4393
4393
4393 4393
4393
4393 4393
4393
4393 4393
4393
4393 4393
4393
4393 4393
4393
4393 4393
4393
4393 4393
4393
4393 4393
4393
4393 4393
4393
4393 4393
4393
4393 4393
4393
4393 4393
4393
4393 4394
4394
4394 4394
4394
4394 4394
4394
4394 4394
4394
4394 4394
4394
4394 4394
4394
4394 4394
4394
4394 4394
4394
4394 4394
4394
4394 4394
4394
4394 4394
4394
4394 4394
4394
4394 4394
4394
4394 4394
4394
4394 4394
4394
4394 4395
4395
4395 4395
4395
4395 4395
4395
4395 4395
4395
4395 4395
4395
4395 4395
4395
4395 4395
4395
4395 4395
4395
4395 4395
4395
4395 4395
4395
4395 4395
4395
4395 4395
4395
4395 4395
4395
4395 4395
4395
4395 4396
4395
4395 4395
4395
4395 4396
4396
4395 4396
4396
4396 4396
4396
4396 4396
4396
4396 4396
4396
4396 4396
4396
4396 4396
4396
4396 4396
4396
4396 4396
4396
4396 4396
4396
4396 4396
4396
4396 4396
4396
4396 4396
4396
4396 4396
4396
4396 4396
4396
4396 4396
4396
4396 4396
4396
4396 4396
4396
4396 4396
4396
4396 4396
4396
4396 4396
4396
4396 4396
4396
4396 4396
4396
4396 4396
4396
4396 4396
4396
4396 4396
4396
4396 4396
4396
4396 4396
4396
4396 4396
4396
4396 4396
4396
4396 4396
4396
4396 4396
4396
4396 4396
4396
4396 4396
4396
4396 4396
4396
4396 4396
4396
4396 4396
4396
4396 4396
4396
4396 4396
4396
4396 4396
4396
4396 4396
4396
4396 4396
4396
4396 4396
4396
4396 4396
4396
4396 4396
4396
4396 4396
4396
4396 4396
4396
4396 4396
4396
4396 4396
4396
4396 4396
4396
4396 4396
4396
4396 4396
4396
4396 4396
4396
4396 4396
4396
4396 4396
4396
4396 4396
4396
4396 4396
4396
4396 4396
4396
4396 4396
4396
4396 4396
4396
4396 4396
4396
4396 4396
4396
4396 4397
4397
4397 4397
4397
4396 4397
4396
4396 4396
4396
4396 4396
4396
4396 4396
4396
4396 4396
4396
4396 4396
4396
4396 4396
4396
4396 4396
4396
4396 4396
4396
4396 4396
4396
4396 4396
4396
4396 4396
4396
4396 4396
4396
4396 4397
4396
4396 4396
4396
4396 4396
4396
4396 4396
4396
4396 4396
4396
4396 4396
4396
4396 4396
4396
4396 4396
4396
4396 4396
4396
4396 4397
4396
4396 4397
4397
4396 4397
4396
4396 4397
4396
4396 4396
4396
4396 4397
4396
4396 4396
4396
4396 4396
4396
4396 4396
4396
4396 4396
4396
4396 4396
4396
4396 4397
4397
4396 4397
4396
4396 4396
4396
4396 4396
4396
4396 4396
4396
4396 4396
4396
4396 4396
4396
4396 4396
4396
4396 4396
4396
4396 4396
4396
4396 4396
4396
4396 4396
4396
4396 4396
4396
4395 4396
4396
4395 4396
4396
4395 4396
4395
4395 4395
4395
4395 4396
4396
4395 4396
4395
4395 4395
4395
4395 4395
4395
4395 4396
4396
4396 4396
4396
4396 4396
4396
4395 4396
4396
4396 4396
4396
4396 4396
4396
4396 4396
4396
4396 4396
4396
4396 4396
4396
4396 4396
4396
4396 4396
4396
4396 4396
4396
4396 4396
4396
4396 4396
4396
4396 4396
4396
4396 4396
4396
4396 4396
4396
4396 4396
4396
4396 4397
4396
4396 4397
4396
4396 4396
4396
4396 4396
4396
4396 4396
4396
4396 4396
4396
4396 4396
4396
4396 4396
4396
4396 4396
4396
4396 4396
4396
4396 4397
4397
4397 4397
4397
4396 4397
4396
4396 4397
4397
4397 4397
4397
4397 4397
4397
4397 4397
4397
4397 4397
4397
4397 4397
4397
4397 4397
4397
4397 4397
4397
4397 4397
4397
4396 4397
4397
4396 4397
4397
4397 4397
4397
4397 4397
4397
4397 4397
4397
4397 4397
4397
4396 4397
4397
4397 4397
4397
4396 4397
4397
4397 4397
4397
4397 4397
4397
4397 4397
4397
4397 4397
4397
4397 4397
4397
4396 4397
4397
4396 4397
4397
4397 4397
4397
4397 4397
4397
4397 4397
4397
4397 4397
4397
4397 4397
4397
4397 4397
4397
4397 4397
4397
4397 4397
4397
4397 4397
4397
4397 4397
4397
4397 4397
4397
4397 4397
4397
4397 4397
4397
4397 4397
4397
4397 4397
4397
4397 4397
4397
4397 4397
4397
4397 4397
4397
4397 4397
4397
4397 4397
4397
4397 4397
4397
4396 4397
4397
4396 4397
4397
4396 4397
4396
4396 4396
4396
4396 4396
4396
4396 4396
4396
4396 4396
4396
4396 4397
4396
4396 4397
4397
4396 4397
4397
4396 4397
4397
4397 4397
4397
4397 4397
4397
4397 4397
4397
4397 4397
4397
4397 4397
4397
4397 4397
4397
4397 4397
4397
4397 4397
4397
4397 4397
4397
4397 4397
4397
4397 4397
4397
4397 4397
4397
4397 4397
4397
4397 4397
4397
4397 4397
4397
4397 4397
4397
4397 4397
4397
4397 4397
4397
4397 4397
4397
4397 4397
4397
4397 4398
4397
4397 4397
4397
4397 4397
4397
4397 4397
4397
4397 4397
4397
4397 4397
4397
4397 4397
4397
4397 4397
4397
4397 4397
4397
4397 4397
4397
4397 4397
4397
4397 4397
4397
4397 4397
4397
4397 4397
4397
4397 4397
4397
4397 4398
4397
4397 4398
4398
4398 4398
4398
4398 4398
4398
4398 4398
4398
4397 4398
4397
4397 4398
4397
4397 4398
4397
4397 4398
4397
4397 4397
4397
4397 4398
4397
4397 4397
4397
4397 4397
4397
4397 4397
4397
4397 4397
4397
4397 4397
4397
4397 4397
4397
4397 4397
4397
4397 4398
4398
4397 4398
4398
4398 4398
4398
4398 4398
4398
4398 4398
4398
4398 4398
4398
4398 4398
4398
4398 4398
4398
4398 4398
4398
4398 4398
4398
4398 4398
4398
4398 4399
4399
4399 4399
4399
4399 4399
4399
4399 4399
4399
4399 4399
4399
4399 4399
4399
4399 4399
4399
4399 4399
4399
4399 4399
4399
4399 4399
4399
4399 4399
4399
4398 4399
4398
4398 4399
4399
4399 4399
4399
4399 4399
4399
4399 4399
4399
4398 4399
4398
4398 4399
4399
4399 4399
4399
4399 4399
4399
4399 4399
4399
4399 4399
4399
4399 4400
4400
4399 4400
4400
4399 4400
4400
4399 4400
4399
4399 4399
4399
4399 4399
4399
4399 4400
4400
4399 4400
4400
4399 4400
4400
4399 4400
4400
4399 4400
4400
4400 4400
4400
4400 4400
4400
4400 4400
4400
4400 4400
4400
4400 4400
4400
4400 4400
4400
4400 4400
4400
4400 4401
4400
4400 4401
4401
4401 4401
4401
4401 4401
4401
4401 4401
4401
4401 4401
4401
4401 4401
4401
4401 4401
4401
4401 4401
4401
4401 4401
4401
4401 4401
4401
4400 4401
4401
4401 4401
4401
4400 4401
4401
4401 4401
4401
4401 4401
4401
4401 4401
4401
4400 4401
4401
4401 4401
4401
4401 4401
4401
4401 4401
4401
4401 4401
4401
4401 4401
4401
4401 4401
4401
4401 4401
4401
4401 4401
4401
4401 4401
4401
4401 4401
4401
4401 4401
4401
4401 4401
4401
4401 4401
4401
4400 4401
4401
4401 4401
4401
4401 4401
4401
4401 4401
4401
4401 4401
4401
4401 4401
4401
4400 4401
4401
4400 4401
4401
4401 4401
4401
4400 4401
4401
4401 4401
4401
4401 4401
4401
4401 4401
4401
4401 4401
4401
4401 4401
4401
4401 4401
4401
4401 4401
4401
4401 4401
4401
4401 4401
4401
4401 4401
4401
4401 4401
4401
4401 4401
4401
4401 4401
4401
4401 4401
4401
4401 4401
4401
4401 4401
4401
4401 4401
4401
4401 4401
4401
4401 4401
4401
4401 4401
4401
4401 4401
4401
4401 4401
4401
4401 4401
4401
4401 4401
4401
4401 4401
4401
4401 4401
4401
4401 4401
4401
4401 4401
4401
4401 4401
4401
4401 4401
4401
4401 4401
4401
4401 4401
4401
4401 4401
4401
4401 4401
4401
4401 4401
4401
4401 4401
4401
4401 4401
4401
4401 4401
4401
4401 4401
4401
4401 4401
4401
4401 4401
4401
4401 4401
4401
4401 4401
4401
4401 4402
4402
4402 4402
4402
4402 4402
4402
4402 4402
4402
4402 4402
4402
4402 4402
4402
4402 4402
4402
4402 4402
4402
4402 4402
4402
4402 4402
4402
4402 4402
4402
4402 4402
4402
4402 4403
4403
4403 4403
4403
4403 4403
4403
4403 4403
4403
4403 4403
4403
4403 4403
4403
4403 4403
4403
4403 4403
4403
4402 4403
4402
4402 4403
4403
4403 4403
4403
4403 4403
4403
4403 4403
4403
4403 4403
4403
4403 4403
4403
4403 4404
4404
4403 4404
4404
4403 4404
4404
4404 4404
4404
4403 4404
4404
4404 4404
4404
4404 4404
4404
4404 4404
4404
4404 4404
4404
4404 4404
4404
4404 4404
4404
4404 4405
4404
4404 4405
4405
4405 4405
4405
4404 4405
4405
4404 4405
4405
4405 4405
4405
4405 4405
4405
4405 4405
4405
4405 4405
4405
4404 4405
4405
4404 4405
4404
4404 4405
4404
4404 4404
4404
4404 4404
4404
4404 4404
4404
4404 4404
4404
4404 4405
4405
4404 4405
4404
4404 4405
4405
4404 4405
4405
4404 4405
4405
4404 4405
4405
4405 4405
4405
4404 4405
4404
4404 4404
4404
4404 4404
4404
4404 4404
4404
4404 4404
4404
4404 4404
4404
4404 4404
4404
4404 4404
4404
4404 4404
4404
4404 4404
4404
4404 4404
4404
4404 4404
4404
4404 4404
4404
4404 4404
4404
4404 4404
4404
4404 4404
4404
4404 4404
4404
4404 4405
4405
4405 4405
4405
4404 4405
4404
4404 4404
4404
4404 4404
4404
4404 4405
4405
4404 4405
4404
4404 4405
4404
4404 4404
4404
4404 4404
4404
4404 4404
4404
4404 4404
4404
4404 4404
4404
4404 4404
4404
4404 4404
4404
4404 4404
4404
4404 4404
4404
4404 4404
4404
4404 4404
4404
4404 4404
4404
4404 4404
4404
4404 4404
4404
4404 4404
4404
4404 4404
4404
4404 4405
4404
4404 4405
4404
4404 4405
4405
4404 4405
4405
4404 4405
4405
4404 4405
4404
4404 4405
4404
4404 4405
4405
4404 4405
4405
4405 4405
4405
4405 4405
4405
4405 4405
4405
4405 4405
4405
4405 4406
4406
4406 4406
4406
4406 4406
4406
4406 4406
4406
4406 4406
4406
4406 4406
4406
4406 4406
4406
4406 4406
4406
4406 4406
4406
4406 4406
4406
4406 4406
4406
4406 4406
4406
4406 4406
4406
4406 4407
4407
4406 4407
4407
4406 4407
4406
4406 4406
4406
4406 4407
4407
4407 4407
4407
4406 4407
4407
4406 4407
4407
4406 4407
4406
4406 4407
4406
4406 4407
4407
4407 4407
4407
4407 4407
4407
4407 4407
4407
4407 4407
4407
4407 4407
4407
4407 4407
4407
4407 4407
4407
4407 4407
4407
4407 4407
4407
4407 4407
4407
4407 4407
4407
4407 4407
4407
4407 4407
4407
4407 4408
4408
4407 4408
4408
4408 4408
4408
4407 4408
4408
4407 4408
4408
4407 4408
4407
4407 4407
4407
4407 4407
4407
4407 4407
4407
4407 4407
4407
4407 4407
4407
4407 4407
4407
4407 4407
4407
4407 4407
4407
4407 4407
4407
4407 4407
4407
4407 4407
4407
4407 4408
4408
4408 4408
4408
4408 4408
4408
4408 4408
4408
4407 4408
4408
4408 4408
4408
4407 4408
4407
4407 4407
4407
4407 4407
4407
4407 4407
4407
4407 4407
4407
4407 4407
4407
4407 4407
4407
4407 4407
4407
4407 4408
4408
4407 4408
4407
4407 4407
4407
4407 4407
4407
4407 4408
4408
4408 4408
4408
4408 4408
4408
4408 4408
4408
4408 4408
4408
4408 4408
4408
4408 4408
4408
4408 4408
4408
4408 4408
4408
4408 4408
4408
4408 4408
4408
4408 4408
4408
4408 4408
4408
4408 4408
4408
4408 4408
4408
4408 4408
4408
4408 4408
4408
4408 4408
4408
4408 4408
4408
4408 4408
4408
4408 4408
4408
4408 4408
4408
4408 4408
4408
4408 4409
4408
4408 4408
4408
4408 4408
4408
4408 4408
4408
4408 4408
4408
4408 4408
4408
4408 4408
4408
4408 4408
4408
4408 4408
4408
4408 4408
4408
4408 4408
4408
4408 4408
4408
4408 4408
4408
4408 4408
4408
4408 4408
4408
4408 4408
4408
4408 4408
4408
4408 4408
4408
4407 4408
4408
4408 4408
4408
4408 4408
4408
4408 4408
4408
4408 4408
4408
4408 4408
4408
4408 4408
4408
4407 4408
4407
4407 4407
4407
4407 4407
4407
4407 4407
4407
4407 4407
4407
4407 4407
4407
4407 4407
4407
4407 4407
4407
4407 4407
4407
4407 4407
4407
4407 4407
4407
4407 4407
4407
4407 4407
4407
4407 4407
4407
4407 4407
4407
4407 4407
4407
4407 4407
4407
4407 4407
4407
4407 4407
4407
4407 4408
4407
4407 4408
4408
4408 4408
4408
4407 4408
4407
4407 4407
4407
4407 4407
4407
4407 4407
4407
4407 4407
4407
4407 4407
4407
4407 4407
4407
4407 4408
4408
4408 4408
4408
4408 4408
4408
4408 4408
4408
4408 4408
4408
4408 4408
4408
4408 4408
4408
4408 4408
4408
4408 4408
4408
4408 4408
4408
4408 4408
4408
4408 4408
4408
4408 4408
4408
4408 4409
4408
4408 4408
4408
4408 4408
4408
4408 4408
4408
4408 4408
4408
4407 4408
4407
4407 4407
4407
4407 4408
4407
4407 4408
4407
4407 4407
4407
4407 4407
4407
4407 4407
4407
4407 4407
4407
4407 4408
4408
4407 4408
4407
4407 4408
4407
4407 4407
4407
4407 4407
4407
4407 4408
4407
4407 4407
4407
4407 4407
4407
4407 4407
4407
4407 4407
4407
4407 4407
4407
4407 4408
4408
4408 4408
4408
4408 4408
4408
4408 4408
4408
4408 4408
4408
4408 4408
4408
4408 4408
4408
4408 4408
4408
4408 4408
4408
4408 4408
4408
4408 4408
4408
4408 4408
4408
4408 4408
4408
4408 4408
4408
4408 4408
4408
4408 4408
4408
4408 4408
4408
4408 4408
4408
4407 4408
4408
4407 4408
4408
4408 4408
4408
4408 4408
4408
4408 4408
4408
4408 4408
4408
4408 4408
4408
4408 4408
4408
4408 4409
4409
4409 4409
4409
4409 4409
4409
4409 4409
4409
4409 4409
4409
4409 4409
4409
4409 4409
4409
4409 4409
4409
4409 4409
4409
4409 4409
4409
4409 4409
4409
4409 4409
4409
4409 4409
4409
4409 4409
4409
4409 4409
4409
4409 4409
4409
4409 4409
4409
4409 4409
4409
4409 4409
4409
4409 4409
4409
4409 4409
4409
4409 4410
4409
4409 4410
4409
4409 4409
4409
4409 4410
4409
4409 4410
4409
4409 4410
4409
4409 4410
4409
4409 4410
4409
4409 4410
4409
4409 4410
4410
4410 4410
4410
4410 4410
4410
4410 4410
4410
4410 4410
4410
4410 4410
4410
4410 4410
4410
4410 4410
4410
4410 4410
4410
4410 4411
4411
4411 4411
4411
4410 4411
4411
4410 4411
4411
4410 4411
4411
4410 4411
4411
4411 4411
4411
4411 4411
4411
4411 4411
4411
4411 4411
4411
4411 4411
4411
4411 4411
4411
4410 4411
4410
4410 4410
4410
4410 4411
4411
4410 4411
4410
4410 4411
4411
4410 4411
4411
4411 4411
4411
4411 4411
4411
4411 4411
4411
4411 4411
4411
4411 4411
4411
4411 4411
4411
4411 4411
4411
4411 4411
4411
4411 4411
4411
4411 4411
4411
4411 4411
4411
4411 4411
4411
4411 4411
4411
4411 4412
4411
4411 4412
4412
4412 4412
4412
4412 4412
4412
4412 4412
4412
4412 4412
4412
4412 4412
4412
4412 4412
4412
4412 4412
4412
4412 4412
4412
4412 4412
4412
4412 4412
4412
4412 4413
4412
4412 4413
4412
4412 4413
4413
4412 4413
4412
4412 4413
4413
4413 4413
4413
4413 4413
4413
4413 4413
4413
4413 4413
4413
4413 4413
4413
4413 4413
4413
4413 4413
4413
4413 4413
4413
4413 4414
4414
4414 4414
4414
4414 4414
4414
4414 4414
4414
4414 4414
4414
4414 4414
4414
4414 4414
4414
4413 4414
4413
4413 4413
4413
4413 4414
4413
4413 4414
4414
4414 4414
4414
4414 4414
4414
4414 4414
4414
4414 4414
4414
4414 4414
4414
4414 4414
4414
4414 4414
4414
4414 4414
4414
4414 4414
4414
4414 4414
4414
4414 4414
4414
4414 4414
4414
4414 4414
4414
4414 4414
4414
4414 4414
4414
4414 4414
4414
4414 4414
4414
4414 4414
4414
4414 4414
4414
4414 4414
4414
4414 4414
4414
4414 4414
4414
4414 4414
4414
4414 4414
4414
4414 4414
4414
4414 4414
4414
4414 4414
4414
4414 4414
4414
4414 4415
4415
4415 4415
4415
4415 4415
4415
4415 4415
4415
4415 4415
4415
4415 4415
4415
4415 4415
4415
4415 4415
4415
4415 4415
4415
4415 4415
4415
4415 4415
4415
4415 4416
4415
4415 4415
4415
4415 4415
4415
4415 4415
4415
4415 4415
4415
4415 4415
4415
4415 4415
4415
4415 4415
4415
4415 4415
4415
4415 4415
4415
4415 4415
4415
4415 4416
4415
4415 4415
4415
4415 4415
4415
4415 4416
4416
4416 4416
4416
4416 4416
4416
4416 4416
4416
4415 4416
4416
4416 4416
4416
4416 4416
4416
4416 4416
4416
4416 4416
4416
4416 4416
4416
4416 4416
4416
4416 4416
4416
4416 4416
4416
4415 4416
4416
4416 4416
4416
4415 4416
4416
4415 4416
4415
4415 4415
4415
4415 4415
4415
4415 4415
4415
4415 4415
4415
4415 4416
4416
4415 4416
4416
4416 4416
4416
4416 4416
4416
4416 4416
4416
4416 4416
4416
4416 4416
4416
4416 4416
4416
4416 4416
4416
4416 4417
4416
4416 4416
4416
4416 4416
4416
4416 4416
4416
4416 4416
4416
4416 4416
4416
4416 4417
4416
4416 4416
4416
4416 4416
4416
4416 4416
4416
4416 4416
4416
4416 4416
4416
4416 4416
4416
4416 4416
4416
4416 4416
4416
4416 4416
4416
4416 4417
4416
4416 4416
4416
4416 4416
4416
4416 4416
4416
4416 4417
4416
4416 4416
4416
4416 4416
4416
4416 4416
4416
4416 4416
4416
4416 4416
4416
4416 4416
4416
4416 4416
4416
4416 4416
4416
4416 4417
4416
4416 4416
4416
4416 4416
4416
4416 4416
4416
4416 4416
4416
4416 4416
4416
4416 4416
4416
4416 4416
4416
4416 4416
4416
4416 4416
4416
4416 4416
4416
4416 4416
4416
4416 4416
4416
4415 4416
4416
4415 4416
4416
4416 4416
4416
4416 4416
4416
4416 4416
4416
4416 4416
4416
4416 4416
4416
4416 4416
4416
4416 4416
4416
4416 4417
4417
4417 4417
4417
4417 4417
4417
4417 4417
4417
4417 4417
4417
4417 4417
4417
4417 4417
4417
4417 4417
4417
4417 4417
4417
4416 4417
4416
4416 4416
4416
4416 4416
4416
4416 4417
4416
4416 4416
4416
4416 4416
4416
4416 4416
4416
4416 4416
4416
4416 4416
4416
4416 4416
4416
4416 4416
4416
4416 4416
4416
4416 4416
4416
4416 4416
4416
4416 4416
4416
4416 4417
4417
4416 4417
4416
4416 4416
4416
4416 4416
4416
4416 4416
4416
4416 4416
4416
4416 4416
4416
4416 4416
4416
4416 4416
4416
4416 4416
4416
4416 4417
4416
4416 4416
4416
4416 4416
4416
4416 4417
4416
4416 4416
4416
4416 4417
4417
4416 4417
4417
4416 4417
4417
4416 4417
4417
4417 4417
4417
4417 4417
4417
4417 4417
4417
4417 4417
4417
4417 4417
4417
4417 4417
4417
4417 4417
4417
4417 4417
4417
4417 4417
4417
4417 4417
4417
4417 4417
4417
4417 4417
4417
4416 4417
4416
4416 4416
4416
4416 4416
4416
4416 4416
4416
4416 4417
4416
4416 4417
4416
4416 4417
4416
4416 4417
4416
4416 4417
4416
4416 4417
4417
4417 4417
4417
4417 4417
4417
4417 4417
4417
4417 4417
4417
4417 4417
4417
4417 4417
4417
4417 4418
4418
4417 4418
4417
4417 4418
4418
4417 4418
4418
4418 4418
4418
4418 4418
4418
4417 4418
4417
4417 4418
4418
4417 4418
4417
4417 4417
4417
4417 4418
4418
4418 4418
4418
4418 4418
4418
4418 4418
4418
4418 4418
4418
4418 4418
4418
4418 4418
4418
4418 4418
4418
4418 4418
4418
4418 4418
4418
4418 4418
4418
4418 4418
4418
4418 4418
4418
4418 4418
4418
4418 4418
4418
4418 4418
4418
4418 4418
4418
4418 4418
4418
4418 4419
4418
4418 4418
4418
4418 4418
4418
4418 4418
4418
4418 4418
4418
4418 4418
4418
4418 4418
4418
4418 4418
4418
4418 4418
4418
4418 4418
4418
4418 4419
4418
4418 4419
4419
4419 4419
4419
4418 4419
4418
4418 4419
4419
4419 4419
4419
4418 4419
4419
4419 4419
4419
4419 4419
4419
4419 4419
4419
4419 4419
4419
4419 4419
4419
4419 4419
4419
4419 4419
4419
4419 4420
4420
4420 4420
4420
4420 4420
4420
4420 4420
4420
4420 4420
4420
4420 4420
4420
4420 4421
4420
4420 4420
4420
4420 4421
4421
4421 4421
4421
4420 4421
4421
4421 4421
4421
4421 4421
4421
4421 4421
4421
4421 4421
4421
4421 4421
4421
4421 4421
4421
4421 4421
4421
4421 4421
4421
4421 4421
4421
4421 4421
4421
4421 4421
4421
4421 4421
4421
4421 4421
4421
4421 4421
4421
4421 4421
4421
4421 4421
4421
4421 4421
4421
4421 4421
4421
4421 4421
4421
4421 4422
4422
4421 4422
4421
4421 4422
4422
4422 4422
4422
4422 4422
4422
4422 4422
4422
4422 4422
4422
4422 4422
4422
4422 4422
4422
4422 4423
4423
4423 4423
4423
4423 4423
4423
4423 4423
4423
4423 4423
4423
4423 4423
4423
4423 4423
4423
4423 4423
4423
4423 4423
4423
4423 4423
4423
4423 4423
4423
4423 4423
4423
4423 4423
4423
4423 4423
4423
4423 4423
4423
4423 4423
4423
4423 4423
4423
4423 4423
4423
4423 4423
4423
4423 4424
4423
4423 4424
4424
4424 4424
4424
4424 4424
4424
4424 4424
4424
4424 4424
4424
4424 4424
4424
4424 4424
4424
4424 4424
4424
4424 4424
4424
4424 4424
4424
4424 4424
4424
4424 4424
4424
4424 4424
4424
4424 4424
4424
4424 4424
4424
4424 4424
4424
4424 4424
4424
4424 4424
4424
4424 4424
4424
4424 4424
4424
4424 4424
4424
4424 4424
4424
4424 4424
4424
4424 4424
4424
4424 4424
4424
4424 4424
4424
4424 4424
4424
4424 4424
4424
4424 4424
4424
4424 4424
4424
4424 4424
4424
4424 4424
4424
4424 4424
4424
4424 4424
4424
4424 4424
4424
4424 4424
4424
4424 4424
4424
4424 4424
4424
4424 4424
4424
4424 4424
4424
4424 4424
4424
4424 4424
4424
4424 4424
4424
4424 4424
4424
4424 4424
4424
4424 4424
4424
4424 4425
4424
4424 4424
4424
4424 4424
4424
4424 4425
4425
4425 4425
4425
4425 4425
4425
4425 4425
4425
4425 4425
4425
4425 4425
4425
4425 4425
4425
4425 4425
4425
4425 4425
4425
4425 4425
4425
4425 4425
4425
4425 4425
4425
4425 4425
4425
4424 4425
4425
4424 4425
4425
4425 4425
4425
4424 4425
4425
4424 4425
4425
4425 4425
4425
4425 4425
4425
4425 4425
4425
4425 4425
4425
4425 4426
4426
4426 4426
4426
4425 4426
4425
4425 4425
4425
4425 4425
4425
4425 4425
4425
4425 4425
4425
4425 4425
4425
4425 4425
4425
4425 4426
4426
4426 4426
4426
4426 4426
4426
4426 4426
4426
4426 4426
4426
4426 4426
4426
4426 4426
4426
4426 4426
4426
4426 4426
4426
4426 4426
4426
4426 4426
4426
4426 4427
4426
4426 4426
4426
4426 4427
4426
4426 4426
4426
4426 4426
4426
4426 4427
4427
4427 4427
4427
4427 4427
4427
4427 4427
4427
4427 4427
4427
4427 4427
4427
4427 4428
4427
4427 4427
4427
4427 4427
4427
4427 4427
4427
4427 4428
4427
4427 4428
4428
4428 4428
4428
4428 4428
4428
4427 4428
4427
4427 4428
4427
4427 4428
4428
4427 4428
4427
4427 4427
4427
4427 4428
4428
4427 4428
4428
4427 4428
4428
4428 4428
4428
4428 4428
4428
4428 4428
4428
4428 4428
4428
4428 4428
4428
4428 4428
4428
4428 4428
4428
4428 4428
4428
4428 4428
4428
4427 4428
4428
4428 4428
4428
4428 4428
4428
4428 4428
4428
4428 4428
4428
4428 4428
4428
4428 4428
4428
4428 4428
4428
4428 4428
4428
4428 4428
4428
4428 4428
4428
4428 4428
4428
4428 4428
4428
4428 4428
4428
4428 4428
4428
4428 4429
4428
4428 4429
4428
4428 4428
4428
4428 4428
4428
4428 4428
4428
4428 4429
4429
4428 4429
4428
4428 4428
4428
4428 4428
4428
4428 4429
4428
4428 4429
4428
4428 4428
4428
4428 4429
4428
4428 4428
4428
4428 4429
4429
4428 4429
4429
4429 4429
4429
4429 4429
4429
4429 4429
4429
4429 4429
4429
4429 4429
4429
4429 4429
4429
4429 4429
4429
4429 4429
4429
4429 4429
4429
4429 4429
4429
4429 4429
4429
4429 4429
4429
4429 4429
4429
4429 4429
4429
4429 4429
4429
4429 4429
4429
4429 4429
4429
4429 4429
4429
4429 4429
4429
4429 4429
4429
4429 4429
4429
4429 4429
4429
4429 4429
4429
4429 4429
4429
4429 4429
4429
4429 4429
4429
4429 4429
4429
4429 4429
4429
4429 4429
4429
4429 4429
4429
4429 4429
4429
4429 4429
4429
4429 4429
4429
4429 4429
4429
4429 4429
4429
4429 4429
4429
4429 4429
4429
4429 4429
4429
4429 4429
4429
4429 4429
4429
4429 4430
4429
4429 4429
4429
4429 4429
4429
4429 4429
4429
4429 4430
4429
4429 4430
4430
4430 4430
4430
4430 4430
4430
4429 4430
4429
4429 4430
4430
4430 4430
4430
4429 4430
4429
4429 4430
4430
4430 4430
4430
4429 4430
4430
4430 4430
4430
4430 4430
4430
4429 4430
4429
4429 4429
4429
4429 4430
4429
4429 4430
4430
4429 4430
4429
4429 4429
4429
4429 4429
4429
4429 4429
4429
4429 4429
4429
4429 4430
4429
4429 4429
4429
4429 4429
4429
4429 4429
4429
4429 4429
4429
4429 4429
4429
4429 4429
4429
4429 4429
4429
4429 4429
4429
4429 4429
4429
4429 4429
4429
4429 4429
4429
4429 4429
4429
4429 4429
4429
4429 4429
4429
4429 4429
4429
4429 4429
4429
4429 4429
4429
4429 4429
4429
4429 4429
4429
4429 4429
4429
4429 4429
4429
4429 4429
4429
4429 4429
4429
4429 4430
4430
4429 4430
4429
4429 4429
4429
4429 4429
4429
4429 4429
4429
4429 4429
4429
4429 4430
4429
4429 4429
4429
4429 4429
4429
4429 4429
4429
4429 4430
4430
4429 4430
4430
4429 4430
4430
4430 4430
4430
4430 4430
4430
4430 4430
4430
4430 4430
4430
4430 4430
4430
4430 4430
4430
4430 4430
4430
4430 4430
4430
4430 4430
4430
4429 4430
4429
4429 4430
4430
4430 4430
4430
4430 4430
4430
4430 4430
4430
4430 4430
4430
4430 4430
4430
4430 4430
4430
4430 4430
4430
4430 4430
4430
4430 4430
4430
4430 4430
4430
4430 4430
4430
4430 4431
4431
4430 4431
4430
4430 4431
4431
4431 4431
4431
4431 4431
4431
4431 4431
4431
4431 4431
4431
4431 4431
4431
4431 4431
4431
4431 4431
4431
4431 4431
4431
4431 4431
4431
4431 4431
4431
4431 4431
4431
4431 4431
4431
4431 4432
4432
4431 4432
4431
4431 4431
4431
4431 4431
4431
4431 4431
4431
4431 4431
4431
4431 4431
4431
4431 4431
4431
4431 4431
4431
4431 4431
4431
4431 4431
4431
4431 4431
4431
4431 4431
4431
4431 4432
4432
4432 4432
4432
4432 4432
4432
4432 4432
4432
4432 4432
4432
4431 4432
4432
4432 4432
4432
4432 4432
4432
4432 4432
4432
4432 4432
4432
4432 4432
4432
4432 4432
4432
4432 4432
4432
4432 4432
4432
4432 4432
4432
4432 4432
4432
4432 4432
4432
4432 4432
4432
4432 4432
4432
4432 4433
4432
4432 4433
4433
4432 4433
4433
4433 4433
4433
4433 4433
4433
4432 4433
4433
4433 4433
4433
4433 4433
4433
4433 4433
4433
4432 4433
4432
4432 4433
4433
4433 4433
4433
4433 4433
4433
4433 4433
4433
4433 4433
4433
4433 4433
4433
4432 4433
4433
4433 4433
4433
4433 4433
4433
4433 4433
4433
4433 4433
4433
4433 4433
4433
4433 4433
4433
4433 4433
4433
4433 4434
4434
4433 4434
4434
4433 4434
4434
4433 4434
4433
4433 4434
4434
4434 4434
4434
4433 4434
4434
4434 4434
4434
4434 4434
4434
4434 4434
4434
4433 4434
4434
4434 4434
4434
4434 4434
4434
4434 4434
4434
4434 4434
4434
4434 4434
4434
4434 4434
4434
4434 4434
4434
4434 4435
4434
4434 4435
4434
4434 4434
4434
4434 4434
4434
4434 4434
4434
4434 4435
4435
4434 4435
4434
4434 4434
4434
4434 4434
4434
4434 4434
4434
4434 4434
4434
4434 4435
4434
4434 4435
4435
4434 4435
4435
4434 4435
4434
4434 4435
4434
4434 4434
4434
4434 4434
4434
4434 4434
4434
4434 4434
4434
4434 4434
4434
4433 4434
4434
4433 4434
4433
4433 4433
4433
4433 4433
4433
4433 4433
4433
4433 4433
4433
4433 4434
4434
4433 4434
4433
4433 4433
4433
4433 4434
4434
4433 4434
4434
4433 4434
4433
4433 4434
4433
4433 4434
4433
4433 4434
4433
4433 4434
4433
4433 4433
4433
4433 4434
4433
4433 4433
4433
4433 4433
4433
4433 4434
4434
4434 4434
4434
4434 4434
4434
4434 4434
4434
4434 4434
4434
4434 4434
4434
4434 4434
4434
4434 4434
4434
4434 4434
4434
4434 4434
4434
4434 4434
4434
4434 4435
4434
4434 4435
4434
4434 4435
4434
4434 4434
4434
4434 4434
4434
4434 4434
4434
4434 4434
4434
4434 4434
4434
4434 4434
4434
4434 4434
4434
4434 4434
4434
4434 4435
4435
4435 4435
4435
4435 4435
4435
4435 4435
4435
4435 4435
4435
4435 4435
4435
4434 4435
4435
4434 4435
4435
4434 4435
4434
4434 4434
4434
4434 4434
4434
4434 4434
4434
4434 4434
4434
4434 4434
4434
4434 4434
4434
4434 4435
4434
4434 4434
4434
4434 4435
4434
4434 4434
4434
4434 4434
4434
4434 4435
4435
4435 4435
4435
4435 4435
4435
4435 4435
4435
4435 4435
4435
4435 4436
4435
4435 4436
4436
4435 4436
4435
4435 4435
4435
4435 4435
4435
4435 4436
4436
4435 4436
4436
4435 4436
4436
4436 4436
4436
4436 4436
4436
4436 4436
4436
4436 4436
4436
4436 4436
4436
4436 4436
4436
4435 4436
4436
4435 4436
4436
4436 4436
4436
4436 4436
4436
4436 4436
4436
4436 4436
4436
4436 4436
4436
4436 4436
4436
4436 4436
4436
4436 4436
4436
4436 4436
4436
4435 4436
4435
4435 4436
4435
4435 4435
4435
4435 4435
4435
4435 4435
4435
4435 4435
4435
4435 4436
4435
4435 4436
4435
4435 4436
4436
4435 4436
4436
4436 4436
4436
4436 4436
4436
4436 4436
4436
4436 4436
4436
4436 4436
4436
4436 4436
4436
4436 4436
4436
4436 4436
4436
4436 4436
4436
4436 4436
4436
4436 4436
4436
4436 4436
4436
4436 4436
4436
4436 4436
4436
4436 4436
4436
4436 4437
4437
4437 4437
4437
4437 4437
4437
4437 4437
4437
4437 4437
4437
4437 4438
4438
4438 4438
4438
4437 4438
4438
4437 4438
4437
4437 4437
4437
4437 4437
4437
4437 4437
4437
4437 4437
4437
4437 4437
4437
4437 4437
4437
4437 4438
4438
4437 4438
4437
4437 4438
4437
4437 4437
4437
4437 4437
4437
4437 4437
4437
4437 4437
4437
4437 4437
4437
4437 4437
4437
4437 4437
4437
4437 4437
4437
4437 4437
4437
4437 4437
4437
4437 4437
4437
4437 4438
4438
4437 4438
4438
4437 4438
4438
4438 4438
4438
4438 4438
4438
4438 4438
4438
4438 4438
4438
4438 4438
4438
4438 4438
4438
4438 4438
4438
4438 4438
4438
4438 4438
4438
4438 4438
4438
4438 4438
4438
4438 4438
4438
4438 4438
4438
4438 4438
4438
4438 4438
4438
4438 4438
4438
4438 4438
4438
4438 4438
4438
4438 4438
4438
4438 4438
4438
4438 4438
4438
4438 4438
4438
4438 4438
4438
4438 4438
4438
4438 4438
4438
4438 4438
4438
4438 4438
4438
4437 4438
4438
4437 4438
4438
4437 4438
4438
4437 4438
4438
4438 4438
4438
4438 4438
4438
4438 4438
4438
4438 4438
4438
4438 4438
4438
4438 4438
4438
4437 4438
4437
4437 4438
4437
4437 4438
4438
4438 4438
4438
4438 4438
4438
4438 4438
4438
4438 4438
4438
4438 4438
4438
4438 4438
4438
4438 4438
4438
4438 4438
4438
4438 4438
4438
4438 4438
4438
4438 4438
4438
4437 4438
4437
4437 4438
4438
4437 4438
4437
4437 4438
4438
4438 4438
4438
4437 4438
4438
4438 4438
4438
4438 4438
4438
4437 4438
4438
4438 4438
4438
4438 4438
4438
4438 4438
4438
4438 4438
4438
4438 4438
4438
4438 4438
4438
4438 4438
4438
4438 4438
4438
4438 4438
4438
4438 4438
4438
4438 4438
4438
4438 4438
4438
4438 4438
4438
4438 4438
4438
4438 4439
4439
4439 4439
4439
4439 4439
4439
4439 4439
4439
4439 4439
4439
4439 4439
4439
4439 4439
4439
4439 4439
4439
4439 4439
4439
4439 4439
4439
4439 4439
4439
4439 4439
4439
4439 4439
4439
4439 4439
4439
4439 4439
4439
4438 4439
4438
4438 4438
4438
4438 4438
4438
4438 4438
4438
4438 4438
4438
4438 4438
4438
4438 4438
4438
4438 4438
4438
4438 4438
4438
4438 4438
4438
4438 4438
4438
4438 4438
4438
4438 4438
4438
4438 4439
4438
4438 4438
4438
4438 4439
4439
4438 4439
4438
4438 4438
4438
4438 4438
4438
4438 4438
4438
4438 4438
4438
4438 4438
4438
4438 4438
4438
4438 4438
4438
4438 4438
4438
4438 4438
4438
4438 4438
4438
4438 4438
4438
4438 4438
4438
4438 4438
4438
4438 4438
4438
4438 4438
4438
4438 4438
4438
4438 4438
4438
4438 4438
4438
4438 4438
4438
4438 4438
4438
4438 4438
4438
4438 4438
4438
4438 4438
4438
4438 4438
4438
4438 4438
4438
4438 4438
4438
4438 4439
4438
4438 4438
4438
4438 4439
4439
4439 4439
4439
4439 4439
4439
4439 4439
4439
4439 4439
4439
4439 4439
4439
4439 4439
4439
4439 4439
4439
4439 4439
4439
4439 4439
4439
4439 4439
4439
4439 4439
4439
4439 4439
4439
4439 4439
4439
4439 4439
4439
4439 4439
4439
4439 4439
4439
4439 4439
4439
4439 4439
4439
4439 4439
4439
4439 4439
4439
4439 4439
4439
4439 4439
4439
4439 4439
4439
4439 4439
4439
4439 4439
4439
4439 4439
4439
4439 4439
4439
4439 4439
4439
4439 4439
4439
4439 4439
4439
4439 4439
4439
4439 4439
4439
4439 4439
4439
4439 4439
4439
4439 4439
4439
4439 4439
4439
4439 4439
4439
4439 4439
4439
4439 4439
4439
4439 4439
4439
4439 4439
4439
4439 4439
4439
4439 4440
4440
4439 4440
4440
4439 4440
4440
4440 4440
4440
4440 4440
4440
4440 4440
4440
4440 4440
4440
4440 4440
4440
4439 4440
4440
4440 4440
4440
4440 4440
4440
4440 4440
4440
4439 4440
4439
4439 4440
4439
4439 4440
4440
4440 4440
4440
4440 4440
4440
4440 4440
4440
4440 4440
4440
4440 4440
4440
4440 4440
4440
4440 4440
4440
4440 4440
4440
4440 4440
4440
4440 4440
4440
4440 4441
4441
4441 4441
4441
4441 4441
4441
4441 4441
4441
4440 4441
4441
4441 4441
4441
4441 4441
4441
4441 4441
4441
4441 4441
4441
4441 4441
4441
4441 4441
4441
4441 4441
4441
4441 4441
4441
4441 4441
4441
4441 4441
4441
4441 4441
4441
4441 4441
4441
4441 4441
4441
4441 4441
4441
4441 4441
4441
4441 4441
4441
4441 4441
4441
4441 4441
4441
4441 4441
4441
4441 4441
4441
4441 4441
4441
4441 4441
4441
4441 4441
4441
4441 4441
4441
4441 4441
4441
4441 4441
4441
4441 4441
4441
4441 4441
4441
4441 4441
4441
4441 4441
4441
4441 4441
4441
4441 4441
4441
4440 4441
4441
4441 4441
4441
4441 4441
4441
4441 4441
4441
4441 4441
4441
4441 4441
4441
4441 4441
4441
4441 4442
4442
4441 4442
4441
4441 4441
4441
4441 4441
4441
4441 4441
4441
4441 4441
4441
4441 4441
4441
4441 4441
4441
4441 4441
4441
4441 4442
4442
4442 4442
4442
4442 4442
4442
4442 4442
4442
4442 4442
4442
4442 4442
4442
4442 4442
4442
4442 4442
4442
4442 4442
4442
4442 4442
4442
4442 4442
4442
4442 4442
4442
4442 4442
4442
4442 4442
4442
4442 4442
4442
4442 4442
4442
4441 4442
4442
4441 4442
4442
4442 4442
4442
4442 4442
4442
4442 4442
4442
4442 4442
4442
4442 4442
4442
4442 4442
4442
4442 4442
4442
4442 4442
4442
4442 4442
4442
4442 4442
4442
4442 4442
4442
4442 4442
4442
4442 4443
4443
4442 4443
4443
4443 4443
4443
4443 4443
4443
4443 4443
4443
4443 4443
4443
4443 4443
4443
4443 4443
4443
4443 4443
4443
4443 4443
4443
4443 4443
4443
4443 4443
4443
4443 4443
4443
4443 4443
4443
4443 4443
4443
4443 4443
4443
4443 4443
4443
4443 4443
4443
4443 4443
4443
4443 4443
4443
4443 4443
4443
4443 4443
4443
4443 4443
4443
4443 4443
4443
4442 4443
4443
4443 4443
4443
4443 4443
4443
4443 4443
4443
4443 4443
4443
4443 4443
4443
4443 4443
4443
4442 4443
4442
4442 4443
4443
4443 4443
4443
4443 4443
4443
4443 4443
4443
4443 4443
4443
4443 4443
4443
4443 4443
4443
4443 4443
4443
4443 4443
4443
4443 4443
4443
4443 4443
4443
4443 4443
4443
4443 4443
4443
4443 4443
4443
4443 4443
4443
4443 4443
4443
4443 4443
4443
4443 4443
4443
4443 4443
4443
4443 4443
4443
4443 4443
4443
4443 4443
4443
4443 4443
4443
4443 4443
4443
4443 4443
4443
4443 4443
4443
4443 4443
4443
4443 4443
4443
4443 4443
4443
4443 4443
4443
4443 4443
4443
4443 4443
4443
4443 4443
4443
4443 4443
4443
4443 4443
4443
4443 4443
4443
4443 4443
4443
4443 4443
4443
4443 4443
4443
4443 4443
4443
4443 4443
4443
4443 4443
4443
4443 4443
4443
4443 4443
4443
4443 4444
4444
4444 4444
4444
4443 4444
4443
4443 4443
4443
4443 4443
4443
4443 4443
4443
4443 4443
4443
4443 4443
4443
4443 4444
4443
4443 4444
4443
4443 4443
4443
4443 4444
4443
4443 4444
4443
4443 4444
4443
4443 4443
4443
4443 4443
4443
4443 4443
4443
4443 4443
4443
4443 4443
4443
4443 4444
4444
4444 4444
4444
4444 4444
4444
4443 4444
4443
4443 4444
4443
4443 4443
4443
4443 4443
4443
4443 4443
4443
4443 4444
4444
4443 4444
4444
4444 4444
4444
4444 4444
4444
4443 4444
4443
4443 4443
4443
4443 4444
4444
4443 4444
4444
4444 4444
4444
4443 4444
4443
4443 4444
4443
4443 4444
4443
4443 4444
4443
4443 4443
4443
4443 4443
4443
4443 4443
4443
4443 4443
4443
4443 4443
4443
4443 4443
4443
4443 4443
4443
4443 4443
4443
4443 4443
4443
4443 4443
4443
4443 4443
4443
4443 4443
4443
4443 4443
4443
4443 4443
4443
4443 4443
4443
4443 4443
4443
4443 4443
4443
4443 4443
4443
4443 4443
4443
4443 4443
4443
4443 4443
4443
4443 4443
4443
4443 4443
4443
4443 4443
4443
4442 4443
4443
4443 4443
4443
4443 4443
4443
4443 4443
4443
4443 4443
4443
4443 4443
4443
4443 4443
4443
4442 4443
4442
4442 4442
4442
4442 4443
4442
4442 4442
4442
4442 4443
4443
4442 4443
4442
4442 4443
4443
4442 4443
4443
4443 4443
4443
4443 4443
4443
4443 4443
4443
4443 4443
4443
4443 4443
4443
4443 4443
4443
4443 4443
4443
4443 4444
4444
4443 4444
4444
4444 4444
4444
4444 4444
4444
4444 4444
4444
4444 4444
4444
4444 4444
4444
4444 4444
4444
4443 4444
4444
4444 4444
4444
4444 4444
4444
4444 4444
4444
4444 4444
4444
4444 4444
4444
4444 4444
4444
4444 4444
4444
4444 4444
4444
4444 4444
4444
4444 4444
4444
4444 4444
4444
4444 4444
4444
4444 4444
4444
4444 4444
4444
4444 4444
4444
4444 4444
4444
4444 4444
4444
4444 4444
4444
4444 4444
4444
4444 4444
4444
4444 4444
4444
4444 4444
4444
4443 4444
4444
4443 4444
4444
4443 4444
4443
4443 4443
4443
4443 4443
4443
4443 4443
4443
4443 4443
4443
4443 4443
4443
4443 4443
4443
4443 4443
4443
4443 4443
4443
4443 4443
4443
4443 4443
4443
4443 4443
4443
4443 4443
4443
4443 4443
4443
4443 4443
4443
4443 4443
4443
4443 4444
4443
4443 4444
4443
4443 4444
4443
4443 4443
4443
4443 4443
4443
4443 4443
4443
4443 4444
4443
4443 4443
4443
4443 4443
4443
4443 4443
4443
4443 4443
4443
4443 4443
4443
4443 4443
4443
4443 4443
4443
4443 4443
4443
4443 4443
4443
4443 4443
4443
4443 4443
4443
4443 4443
4443
4443 4443
4443
4443 4443
4443
4443 4443
4443
4443 4443
4443
4443 4443
4443
4443 4443
4443
4443 4443
4443
4443 4443
4443
4443 4443
4443
4443 4443
4443
4443 4443
4443
4443 4443
4443
4443 4443
4443
4443 4443
4443
4443 4443
4443
4443 4443
4443
4443 4443
4443
4443 4443
4443
4443 4443
4443
4443 4443
4443
4443 4443
4443
4443 4443
4443
4443 4443
4443
4443 4443
4443
4443 4443
4443
4443 4444
4443
4443 4443
4443
4443 4443
4443
4443 4443
4443
4443 4443
4443
4443 4443
4443
4443 4444
4444
4444 4444
4444
4444 4444
4444
4444 4444
4444
4444 4444
4444
4444 4444
4444
4444 4444
4444
4444 4444
4444
4444 4444
4444
4444 4444
4444
4444 4444
4444
4444 4445
4445
4445 4445
4445
4445 4445
4445
4445 4445
4445
4445 4445
4445
4444 4445
4444
4444 4444
4444
4444 4444
4444
4444 4444
4444
4444 4445
4445
4445 4445
4445
4445 4445
4445
4445 4445
4445
4445 4445
4445
4445 4445
4445
4445 4445
4445
4445 4445
4445
4445 4446
4446
4446 4446
4446
4445 4446
4445
4445 4446
4446
4445 4446
4446
4446 4446
4446
4446 4446
4446
4446 4446
4446
4445 4446
4445
4445 4446
4446
4445 4446
4446
4445 4446
