883
491 365
491
454 365
365
454 365
365
454 365
365
454 365
365
454 365
454
454 365
365
454 366
454
453 366
366
453 367
367
453 368
368
453 368
368
453 368
453
453 368
453
453 368
368
453 369
453
453 369
369
453 369
369
453 370
453
453 370
453
453 370
453
453 370
370
453 371
371
453 371
371
453 372
453
453 372
453
453 372
372
453 373
373
453 374
374
453 375
453
453 375
453
453 375
375
453 375
375
453 376
376
453 376
376
453 377
377
453 378
453
453 378
453
452 378
378
452 379
379
452 380
380
452 381
452
452 381
381
452 382
452
452 382
452
452 382
382
452 382
452
452 382
382
452 383
383
452 384
384
452 384
384
452 385
452
452 385
452
452 385
385
452 385
385
452 385
385
452 386
452
452 386
386
452 386
452
452 386
386
452 386
386
452 387
387
452 387
387
452 387
452
451 387
387
451 387
451
451 387
451
451 387
387
451 387
387
451 387
387
451 387
387
451 387
387
451 387
451
451 387
387
451 387
387
451 387
387
451 387
387
451 387
387
451 387
387
451 388
451
451 388
388
451 389
389
451 390
390
451 390
390
451 391
391
451 391
391
451 391
451
451 391
391
451 391
391
451 391
451
451 391
391
451 391
391
451 391
451
451 391
451
450 391
450
450 391
391
450 391
391
450 391
450
450 391
450
450 391
450
450 391
450
450 391
391
450 392
392
450 393
393
450 393
393
450 394
450
449 394
449
449 394
449
449 394
449
449 394
449
449 394
394
449 395
449
448 395
395
448 395
448
448 395
395
448 395
395
448 396
396
448 396
448
448 396
396
448 396
396
448 396
396
448 396
448
448 396
448
448 396
448
447 396
396
447 396
447
447 396
447
447 396
447
447 396
447
447 396
447
447 396
396
447 397
397
447 398
447
447 398
447
447 398
447
447 398
398
447 399
399
447 400
400
447 400
400
447 400
400
447 401
401
447 401
401
447 402
402
447 403
447
447 403
403
447 404
447
447 404
447
447 404
404
447 405
447
447 405
447
447 405
447
446 405
405
446 405
446
446 405
446
446 405
405
446 405
405
446 406
446
446 406
406
446 407
407
446 407
446
446 407
446
446 407
446
446 407
407
446 407
407
446 408
408
446 408
446
446 408
408
446 408
446
446 408
446
446 408
446
446 408
408
446 409
409
446 410
446
446 410
446
446 410
446
445 410
445
445 410
445
445 410
445
445 410
445
445 410
445
444 410
410
444 410
410
444 411
411
444 411
411
444 412
412
444 412
444
444 412
412
444 413
413
444 413
413
444 413
413
444 414
414
444 414
414
444 414
444
444 414
414
444 415
415
444 416
416
444 416
444
443 416
443
443 416
443
443 416
416
443 416
443
443 416
443
443 416
416
443 416
416
443 417
443
443 417
417
443 418
443
442 418
442
442 418
442
442 418
442
442 418
442
442 418
418
442 418
442
442 418
418
442 418
442
442 418
418
442 419
419
442 419
419
442 419
419
442 420
420
442 421
442
442 421
442
442 421
442
442 421
442
442 421
442
442 421
421
442 421
421
442 421
421
442 422
442
442 422
442
442 422
442
442 422
442
442 422
442
442 422
422
442 423
442
441 423
441
441 423
423
441 424
441
441 424
424
441 425
425
441 425
425
441 426
426
441 426
426
441 427
427
441 428
428
441 429
441
441 429
441
441 429
429
441 430
430
441 430
430
441 430
430
441 430
430
441 430
441
441 430
430
441 431
431
441 431
431
441 431
431
441 432
441
441 432
432
441 432
432
441 432
432
441 432
441
441 432
432
441 433
433
441 434
434
441 435
435
441 436
441
441 436
436
441 436
441
441 436
436
441 437
437
441 437
437
441 437
441
440 437
440
440 437
437
440 437
440
440 437
437
440 437
437
440 437
440
440 437
440
440 437
437
440 438
438
440 439
439
440 440
440
440 440
440
439 440
439
439 439
439
439 440
440
439 440
439
439 439
439
439 439
439
439 439
439
439 439
439
439 440
439
439 440
440
440 440
440
440 440
440
440 440
440
440 440
440
440 440
440
440 440
440
440 440
440
440 440
440
440 440
440
440 440
440
440 440
440
440 440
440
440 440
440
440 440
440
440 440
440
440 440
440
440 440
440
440 440
440
440 440
440
440 440
440
440 441
441
441 441
441
440 441
441
440 441
441
441 441
441
441 441
441
441 441
441
441 441
441
441 441
441
441 441
441
441 441
441
441 441
441
441 441
441
441 441
441
441 441
441
441 441
441
441 442
442
442 442
442
442 442
442
442 442
442
442 442
442
442 442
442
442 442
442
442 442
442
442 442
442
442 442
442
442 442
442
442 442
442
442 443
442
442 443
442
442 443
442
442 442
442
442 442
442
442 442
442
442 442
442
442 442
442
442 442
442
442 442
442
442 442
442
442 442
442
442 442
442
442 442
442
442 442
442
442 442
442
442 443
443
443 443
443
443 443
443
443 443
443
443 443
443
443 443
443
443 443
443
443 443
443
443 443
443
443 443
443
443 443
443
443 443
443
443 443
443
443 443
443
443 443
443
443 443
443
443 443
443
443 443
443
443 443
443
443 443
443
443 443
443
443 444
443
443 444
443
443 444
444
444 444
444
444 444
444
444 444
444
444 444
444
444 444
444
444 444
444
444 444
444
444 444
444
444 444
444
444 444
444
443 444
443
443 443
443
443 443
443
443 443
443
443 443
443
443 443
443
443 443
443
443 444
444
443 444
443
443 444
444
443 444
444
443 444
443
443 443
443
443 443
443
443 443
443
443 443
443
443 443
443
443 443
443
443 443
443
443 443
443
443 443
443
443 443
443
443 443
443
443 443
443
443 443
443
443 443
443
443 443
443
443 443
443
443 443
443
443 443
443
443 443
443
443 443
443
443 443
443
443 443
443
443 443
443
443 443
443
443 443
443
443 443
443
443 443
443
443 443
443
442 443
442
442 443
442
442 443
442
442 443
442
442 443
442
442 442
442
442 442
442
442 442
442
442 442
442
442 442
442
442 442
442
442 442
442
442 442
442
442 443
442
442 442
442
442 442
442
442 442
442
442 443
443
443 443
443
443 443
443
442 443
443
443 443
443
443 443
443
443 443
443
443 443
443
443 443
443
443 443
443
443 443
443
443 443
443
443 443
443
443 443
443
443 443
443
443 443
443
443 444
443
443 444
444
443 444
444
443 444
443
443 444
443
443 443
443
443 444
444
444 444
444
444 444
444
444 444
444
444 444
444
444 444
444
444 444
444
444 444
444
444 444
444
443 444
443
443 443
443
443 444
444
443 444
444
444 444
444
444 444
444
444 444
444
444 444
444
444 445
445
445 445
445
445 445
445
445 445
445
445 445
445
445 445
445
445 445
445
445 446
446
445 446
446
445 446
446
445 446
